-90.004889349204731 0.010000000000000002 10.31505298622522
-90.004968795538772 0.010162488566722834 10.175051585201716
-90.005049532784923 0.010327617386877231 10.035050184145138
-90.005131581919017 0.01049542936156278 9.8950487830544027
-90.005214964257746 0.010665968088972886 9.7550473819283923
-90.005299701464082 0.010839277875721753 9.6150459807659505
-90.005385815553055 0.011015403748355407 9.4750445795658838
-90.005473328897509 0.011194391465049766 9.335043178326961
-90.00556226423376 0.011376287527498792 9.1950417770479049
-90.005652644667549 0.011561139192995801 9.0550403757274029
-90.005744493679984 0.011748994486711108 8.9150389743641032
-90.005837835133832 0.011939902214169122 8.7750375729565917
-90.005932693279547 0.012133911973928234 8.6350361715034278
-90.006029092761651 0.012331074170466695 8.4950347700031159
-90.006127058625069 0.012531440027277902 8.3550333684541105
-90.00622661632174 0.012735061600178453 8.2150319668548164
-90.006327791717084 0.012941991790832438 8.0750305652035905
-90.006430611096903 0.01315228436049554 7.9350291634987196
-90.006535101174109 0.013365993943982347 7.7950277617384485
-90.006641289095526 0.013583176063860721 7.6550263599209734
-90.006749202449186 0.01380388714487678 7.5150249580444077
-90.006858869271497 0.014028184528614257 7.3750235561068251
-90.006970318054172 0.014256126488392053 7.2350221541062201
-90.007083577752027 0.014487772244403875 7.0950207520405337
-90.007198677790512 0.014723181979103878 6.9550193499076265
-90.007315648072961 0.014962416852842279 6.8150179477053028
-90.007434518988703 0.015205539019755068 6.6750165454312862
-90.007555321420853 0.015452611643911878 6.5350151430832293
-90.007678086754311 0.015703698915726257 6.3950137406586958
-90.007802846883976 0.015958866068632584 6.2550123381551943
-90.007929634223146 0.016218179396033962 6.1150109355701323
-90.008058481711444 0.016481706268525492 5.9750095329008399
-90.008189422824088 0.016749515151397436 5.8350081301445584
-90.008322491580032 0.017021675622422728 5.6950067272984288
-90.008457722551015 0.017298258389933575 5.5550053243595174
-90.008595150870576 0.017579335311191727 5.4150039213247787
-90.008734812243119 0.017864979411057288 5.2750025181910729
-90.008876742953106 0.018155264900960848 5.1350011149551653
-90.009020979874762 0.018450267198183896 4.9949997116136977
-90.009167560481373 0.018750062945452516 4.8549983081632213
-90.009316522855201 0.019054730030849464 4.7149969046001532
-90.009467905697107 0.019364347608049785 4.574995500920819
-90.009621748337068 0.019678996116885256 4.4349940971214004
-90.009778090743865 0.019998757304242946 4.2949926931979627
-90.009936973535901 0.020323714245303368 4.1549912891464462
-90.010098437991431 0.020653951365123741 4.0149898849626524
-90.010262526059591 0.020989554460571949 3.8749884806422505
-90.010429280371099 0.021330610722616865 3.7349870761807611
-90.010598744249336 0.021677208758980934 3.5949856715735677
-90.010770961721661 0.022029438617160779 3.4549842668158912
-90.010945977530795 0.022387391807821885 3.3149828619028026
-90.011123837146556 0.022751161328573431 3.1749814568292152
-90.011304586777584 0.02312084168812939 3.0349800515898742
-90.011488273383151 0.023496528930862355 2.8949786461793288
-90.011674944685808 0.023878320661756096 2.7549772405919875
-90.011864649183437 0.024266316071763789 2.6149758348220526
-90.012057436162053 0.0246606159635782 2.4749744288635434
-90.012253355708424 0.025061322777820604 2.3349730227102818
-90.012452458723075 0.025468540619655238 2.1949716163558874
-90.012654796933788 0.025882375285836239 2.0549702097937708
-90.012860422908801 0.02630293429219404 1.9149688030171252
-90.013069390070442 0.026730326901568388 1.7749673960189225
-90.013281752709219 0.027164664152195244 1.6349659887919084
-90.013497565997724 0.027606058886554978 1.4949645813285843
-90.013716886005042 0.028054625780689221 1.3549631736212062
-90.013939769711286 0.028510481373994184 1.2149617656617779
-90.014166275022575 0.028973744099498017 1.0749603574420428
-90.014396460785761 0.029444534314630171 0.93495894895347709
-90.014630386803887 0.02992297433249072 0.79495754018727227
-90.014868113851904 0.030409188453627771 0.65495613113432194
-90.015109703692218 0.03090330299833122 0.51495472178524559
-90.015355219090594 0.031405446339451248 0.37495331213033228
-90.015604723833022 0.031915748935750075 0.23495190215957018
-90.015858282741675 0.032434343365795655 0.094950491862603612
-90.016115961692066 0.032961364362406084 -0.045050918771248519
-90.016377827630151 0.033496948847653731 -0.18505232975302893
-90.016643948589731 0.034041235968438055 -0.32505374109412699
-90.016914393709797 0.034594367132636583 -0.46505515280632481
-90.017189233253177 0.035156486045843142 -0.60505656490177617
-90.017468538624101 0.035727738748703136 -0.74505797739302493
-90.017752382387201 0.036308273654855588 -0.88505939029305725
-90.018040838285941 0.036898241589491378 -1.0250608036152642
-90.018333981262415 0.037497795828538308 -1.1650622173734684
-90.018631887476232 0.038107092138482762 -1.3050636315819566
-90.01893463432431 0.038726288816838456 -1.4450650462554817
-90.019242300461499 0.039355546733272712 -1.5850664614092762
-90.019554965820618 0.039995029371401009 -1.7250678770590799
-90.019872711633113 0.040644902871260657 -1.8650692932211361
-90.020195620450579 0.041305336072474649 -2.0050707099122338
-90.020523776165874 0.041976500558116782 -2.1450721271496982
-90.020857264035072 0.04265857069928964 -2.2850735449514379
-90.021196170699469 0.043351723700426857 -2.425074963335935
-90.021540584208225 0.044056139645331518 -2.5650763823222764
-90.021890594041196 0.044772001543962603 -2.7050778019301869
-90.022246291132149 0.0454994953799817 -2.8450792221800265
-90.022607767892467 0.046238810159072233 -2.9850806430928301
-90.022975118235067 0.046990137958043916 -3.125082064690313
-90.023348437598841 0.047753673974734984 -3.2650834869949077
-90.023727822973584 0.048529616578725392 -3.4050849100297826
-90.024113372924788 0.049318167362873963 -3.545086333818861
-90.024505187619752 0.050119531195692978 -3.68508775838685
-90.024903368853344 0.050933916274573825 -3.8250891837592738
-90.025308020074263 0.051761534179877451 -3.9650906099624836
-90.025719246412464 0.052602599929903772 -4.105092037023697
-90.026137154705836 0.053457332036754228 -4.2450934649710206
-90.026561853528435 0.054325952563102103 -4.3850948938334886
-90.026993453218509 0.055208687179885217 -4.5250963236410842
-90.027432065906979 0.056105765224936092 -4.6650977544247691
-90.02787780554705 0.057017419762564844 -4.8050991862165215
-90.028330787943261 0.057943887644110174 -4.9451006190493674
-90.028791130782068 0.058885409569474204 -5.0851020529574162
-90.029258953661994 0.05984223014965729 -5.2251034879758933
-90.029734378124985 0.060814597970308859 -5.3651049241411783
-90.030217527687952 0.061802765656310939 -5.5051063614908422
-90.030708527874637 0.062806989937411031 -5.6451078000636823
-90.031207506248535 0.063827531714921532 -5.7851092398997785
-90.031714592445823 0.064864656129502915 -5.9251106810405192
-90.032229918209183 0.06591863263004813 -6.0651121235286389
-90.032753617421847 0.066989735043686688 -6.2051135674082865
-90.033285826142603 0.068078241646925775 -6.3451150127250475
-90.033826682640949 0.069184435237947706 -6.4851164595260027
-90.034376327433137 0.070308603210081977 -6.6251179078597824
-90.034934903318472 0.071451037626471037 -6.7651193577766033
-90.035502555416741 0.072612035295949479 -6.9051208093283254
-90.036079431205806 0.073791897850156135 -7.045122262568511
-90.036665680559636 0.074990931821899087 -7.1851237175524787
-90.037261455787629 0.076209448724794099 -7.3251251743373613
-90.03786691167403 0.077447765134196989 -7.46512663298215
-90.038482205517965 0.078706202769451214 -7.6051280935477914
-90.039107497174612 0.079985088577471677 -7.7451295560972016
-90.03974294909662 0.081284754817686905 -7.8851310206953835
-90.040388726376221 0.082605539148361176 -8.0251324874094561
-90.041044996788145 0.083947784714319587 -8.1651339563087326
-90.041711930833287 0.085311840236098252 -8.3051354274648119
-90.04238970178298 0.086698060100543345 -8.4451369009516295
-90.043078485724052 0.088106804452882076 -8.5851383768455403
-90.043778461604319 0.089538439290289831 -8.7251398552254127
-90.04448981127959 0.090993336556977694 -8.8651413361726821
-90.045212719560254 0.092471874240824856 -9.0051428197714642
-90.045947374259711 0.093974436471581421 -9.1451443061086302
-90.04669396624324 0.095501413620666734 -9.2851457952738894
-90.047452689477254 0.097053202402589384 -9.4251472873598932
-90.048223741080022 0.098630205978015154 -9.5651487824623409
-90.049007321372514 0.10023283405850965 -9.7051502806800389
-90.049803633930779 0.10186150301298312 -9.8451517821150691
-90.050612885638756 0.10351663597586444 -9.9851532868728228
-90.051435286741906 0.10519866295703317 -10.12515479506216
-90.052271050901908 0.10690802095353782 -10.265156306795504
-90.053120395251938 0.10864515406312934 -10.405157822188974
-90.053983540453558 0.11041051359963924 -10.545159341362467
-90.054860710753744 0.11220455821023297 -10.685160864439828
-90.055752134043004 0.11402775399456791 -10.825162391548957
-90.056658041914929 0.11588057462588802 -10.965163922821937
-90.057578669726169 0.11776350147408589 -11.105165458395188
-90.058514256657404 0.11967702373076453 -11.245166998409589
-90.059465045775866 0.12162163853633116 -11.385168543010645
-90.060431284098257 0.12359785110915625 -11.525170092348615
-90.06141322265475 0.12560617487683107 -11.665171646578694
-90.062411116554614 0.12764713160955843 -11.805173205861154
-90.063425225052129 0.12972125155571024 -11.945174770361518
-90.064455811614138 0.13182907357958817 -12.08517634025074
-90.065503143988323 0.13397114530142276 -12.225177915705359
-90.066567494273016 0.13614802323964723 -12.365179496907711
-90.067649138987704 0.13836027295548295 -12.5051810840461
-90.068748359144891 0.14060846919987458 -12.645182677314997
-90.069865440322985 0.14289319606281248 -12.785184276915258
-90.071000672740652 0.1452150471250816 -12.925185883054302
-90.07215435133223 0.14757462561247592 -13.065187495946349
-90.073326775824285 0.14997254455251888 -13.20518911581264
-90.074518250813355 0.15240942693373039 -13.345190742881663
-90.075729085845211 0.15488590586748138 -13.48519237738939
-90.076959595495381 0.15740262475247885 -13.625194019579526
-90.078210099450573 0.15996023744192306 -13.765195669703759
-90.079480922591813 0.16255940841338118 -13.905197328022021
-90.080772395079208 0.16520081294142136 -14.045198994802766
-90.082084852437092 0.16788513727305121 -14.185200670323235
-90.083418635641536 0.17061307880600762 -14.325202354869759
-90.084774091209027 0.1733853462699434 -14.465204048738041
-90.086151571286337 0.17620265991055789 -14.605205752233481
-90.087551433741908 0.17906575167671962 -14.745207465671475
-90.088974042258855 0.18197536541062931 -14.885209189377768
-90.090419766429591 0.18493225704107299 -15.02521092368875
-90.091888981851795 0.18793719477981521 -15.165212668951863
-90.093382070225715 0.19099095932118343 -15.305214425525904
-90.094899419453654 0.1940943440448952 -15.445216193781437
-90.096441423740686 0.19724815522218153 -15.585217974101173
-90.098008483696702 0.20045321222525903 -15.725219766880354
-90.099601006440906 0.20371034774020608 -15.865221572527169
-90.101219405707297 0.20702040798329766 -16.005223391463176
-90.102864101952321 0.21038425292085586 -16.145225224123759
-90.104535522463905 0.21380275649267214 -16.285227070958541
-90.106234101472594 0.21727680683906064 -16.42522893243191
-90.107960280264138 0.22080730653159991 -16.565230809023433
-90.109714507294441 0.22439517280762475 -16.705232701228415
-90.111497238305617 0.22804133780852812 -16.845234609558368
-90.11330893644481 0.23174674882193458 -16.985236534541571
-90.115150072384182 0.23551236852780985 -17.125238476723613
-90.117021124443326 0.23933917524856818 -17.265240436667959
-90.118922578713281 0.24322816320324461 -17.405242414956508
-90.120854929183139 0.24718034276579687 -17.545244412190264
-90.122818677867912 0.25119674072760417 -17.685246428989895
-90.124814334939487 0.25527840056423168 -17.825248465996395
-90.126842418858345 0.25942638270652962 -17.965250523871781
-90.128903456509065 0.26364176481613688 -18.105252603299746
-90.130997983336442 0.2679256420654621 -18.245254704986383
-90.13312654348519 0.27227912742221327 -18.385256829660914
-90.135289689940677 0.276703351938551 -18.525258978076458
-90.13748798467293 0.28119946504494087 -18.665261151010807
-90.139721998782449 0.28576863484877885 -18.805263349267218
-90.141992312648568 0.29041204843787072 -18.94526557367529
-90.144299516080039 0.29513091218884185 -19.08526782509178
-90.146644208468345 0.29992645208055851 -19.225270104401524
-90.149026998943299 0.30479991401264195 -19.365272412518337
-90.151448506531352 0.30975256412915764 -19.505274750385972
-90.153909360316177 0.31478568914756455 -19.645277118979116
-90.156410199602036 0.31990059669300924 -19.785279519304368
-90.158951674079972 0.32509861563805181 -19.925281952401313
-90.161534443996203 0.33038109644791225 -20.065284419343602
-90.164159180323921 0.33574941153132615 -20.205286921240031
-90.166826564937253 0.34120495559710212 -20.345289459235754
-90.169537290788512 0.34674914601647217 -20.485292034513424
-90.172292062087962 0.35238342319133048 -20.625294648294442
-90.175091594486673 0.35810925092845491 -20.765297301840231
-90.177936615262468 0.36392811681980991 -20.9052999964535
-90.180827863508753 0.36984153262902891 -21.045302733479701
-90.183766090326159 0.37585103468417563 -21.185305514308315
-90.18675205901782 0.38195818427688816 -21.325308340374352
-90.189786545287475 0.38816456806800886 -21.465311213159847
-90.192870337440652 0.39447179849980468 -21.605314134195368
-90.1960042365898 0.40088151421488577 -21.745317105061641
-90.199189056861599 0.40739538048193136 -21.885320127391171
-90.202425625609081 0.41401508962833256 -22.025323202869941
-90.205714783625467 0.42074236147986582 -22.165326333239172
-90.209057385363295 0.4275789438075101 -22.305329520297125
-90.212454299155894 0.43452661278152466 -22.445332765900975
-90.21590640744256 0.44158717343290432 -22.585336071968729
-90.219414606997759 0.44876246012233428 -22.725339440481246
-90.222979809163945 0.45605433701676334 -22.865342873484259
-90.226602940088128 0.46346469857372186 -23.005346373090529
-90.230284940962065 0.470995470033509 -23.145349941482024
-90.234026768266745 0.47864860791937813 -23.285353580912201
-90.237829394020466 0.48642610054584801 -23.425357293708334
-90.241693806030909 0.49432996853527517 -23.565361082273942
-90.245621008152128 0.50236226534281914 -23.705364949091273
-90.249612020544092 0.51052507778993805 -23.845368896723901
-90.25366787993822 0.51882052660655309 -23.985372927819373
-90.257789639905894 0.52725076698202145 -24.125377045111982
-90.261978371131946 0.53581798912506373 -24.265381251425577
-90.266235161692634 0.5445244188327879 -24.40538554967652
-90.27056111733765 0.55337231806896026 -24.545389942876717
-90.274957361777027 0.56236398555167189 -24.685394434136729
-90.279425036972853 0.57150175735055497 -24.825399026669032
-90.283965303435195 0.58078800749370219 -24.965403723791322
-90.288579340523398 0.5902251485844483 -25.105408528929988
-90.293268346751617 0.59981563242817404 -25.245413445623651
-90.298033540100079 0.60956195066929408 -25.385418477526862
-90.302876158330562 0.61946663543859681 -25.525423628413893
-90.307797459307636 0.62953226001110008 -25.665428902182654
-90.31279872132491 0.63976143947459907 -25.805434302858735
-90.317881243436119 0.65015683140907543 -25.945439834599583
-90.323046345792349 0.66072113657714726 -26.085445501698871
-90.328295369983948 0.67145709962573741 -26.225451308590888
-90.333629679388579 0.68236750979914307 -26.365457259855201
-90.339050659524489 0.69345520166369223 -26.505463360221377
-90.34455971840967 0.70472305584417483 -26.645469614573926
-90.350158286926842 0.71617399977224028 -26.785476027957358
-90.355847819194295 0.72781100844695523 -26.925482605581415
-90.36162979294258 0.73963710520771964 -27.0654893528265
-90.367505709897671 0.75165536251974241 -27.205496275249267
-90.373477096169765 0.76386890277227881 -27.345503378588376
-90.379545502648725 0.77628089908983988 -27.48551066877047
-90.385712505406147 0.78889457615658187 -27.625518151916339
-90.3919797061032 0.80171321105409132 -27.765525834347233
-90.398348732405722 0.81474013411278512 -27.905533722591493
-90.404821238405688 0.82797872977714071 -28.045541823391293
-90.411398905049353 0.84143243748498864 -28.18555014370963
-90.418083440572687 0.8551047525610922 -28.325558690737605
-90.424876580943533 0.86899922712524558 -28.465567471901835
-90.431780090311108 0.88311947101512867 -28.605576494872224
-90.438795761462472 0.89746915272415606 -28.745585767569878
-90.445925416286556 0.91205200035456635 -28.88559529817536
-90.453170906245518 0.92687180258599688 -29.02560509513718
-90.460534112853978 0.94193240965979752 -29.165615167180579
-90.468016948165541 0.95723773437933801 -29.305625523316571
-90.475621355267378 0.97279175312656896 -29.445636172851302
-90.483349308783176 0.98859850689510176 -29.585647125395752
-90.491202815383048 1.0046621023400728 -29.725658390875651
-90.499183914302762 1.0209867128450716 -29.86566997954186
-90.507294677870888 1.0375765796063967 -30.005681901980946
-90.515537212044393 1.054436012734939 -30.145694169126219
-90.523913656952715 1.0715693923759628 -30.285706792269078
-90.532426187450739 1.0889811698470855 -30.425719783070718
-90.541077013680891 1.106675868794746 -30.56573315357425
-90.549868381643662 1.1246580863694664 -30.705746916217212
-90.558802573777555 1.1429324944202084 -30.845761083844465
-90.567881909548447 1.1615038407081375 -30.985775669721548
-90.577108746048552 1.1803769501401105 -31.12579068754842
-90.586485478604203 1.199556726022204 -31.265806151473711
-90.596014541394197 1.219048151333612 -31.405822076109398
-90.605698408077586 1.2388562900212439 -31.545838476545978
-90.615539592431546 1.2589862883153555 -31.685855368368117
-90.625540648999703 1.2794433760665618 -31.825872767670834
-90.635704173750426 1.3002328681045694 -31.965890691076229
-90.64603280474573 1.3213601656189924 -32.10590915575068
-90.65652922282105 1.3428307575625997 -32.245928179422727
-90.667196152275594 1.364650222077368 -32.385947780401402
-90.678036361573916 1.3868242279437026 -32.525967977595286
-90.689052664058366 1.4093585360532097 -32.665988790532104
-90.700247918673185 1.4322590009053973 -32.806010239378963
-90.711625030699764 1.4555315721286968 -32.946032344963335
-90.723186952504008 1.4791822960261989 -33.086055128794605
-90.734936684294993 1.5032173171465075 -33.226078613086429
-90.746877274896377 1.5276428798801152 -33.366102820779751
-90.75901182252916 1.5524653300817197 -33.506127775566618
-90.771343475607608 1.5776911167189065 -33.646153501914739
-90.783875433547323 1.6033267935476065 -33.786180025092897
-90.796610947586231 1.6293790208147931 -33.926207371197094
-90.809553321618466 1.6558545669888376 -34.066235567177657
-90.822705913041332 1.6827603105179849 -34.206264640867197
-90.836072133615914 1.7101032416173985 -34.346294621009427
-90.849655450340833 1.7378904640852468 -34.486325537288991
-90.863459386339997 1.7661291971482955 -34.62635742036224
-90.877487521764166 1.7948267773374929 -34.766390301889004
-90.891743494706631 1.8239906603940259 -34.906424214565412
-90.906231002133381 1.8536284232063516 -35.046459192157762
-90.920953800827817 1.8837477657787021 -35.186495269537552
-90.935915708349825 1.9143565132315741 -35.326532482717603
-90.951120604010356 1.9454626178347258 -35.466570868889342
-90.966572429861046 1.9770741610732072 -35.606610466461404
-90.982275191698903 2.0091993557469601 -35.746651315099363
-90.998232960086895 2.0418465481045365 -35.886693455766824
-91.014449871390497 2.0750242200114832 -36.02673693076791
-91.030930128829752 2.1087409911539661 -36.166781783791002
-91.047678003548299 2.1430056212781956 -36.306828059954029
-91.064697835698269 2.1778270124662424 -36.446875805851143
-91.081994035542436 2.2132142114488333 -36.586925069601001
-91.099571084572645 2.2491764119557258 -36.726975900896548
-91.117433536646303 2.2857229571042748 -36.867028351056469
-91.135586019139325 2.3228633418268094 -37.007082473078263
-91.15403323411762 2.360607215337454 -37.147138321693113
-91.172779959525556 2.3989643836390302 -37.287195953422511
-91.191831050393333 2.4379448120706928 -37.427255426636691
-91.211191440061768 2.4775586278969661 -37.567316801615057
-91.23086614142683 2.5178161229388425 -37.707380140608471
-91.250860248201931 2.5587277562476398 -37.847445507903615
-91.271178936199718 2.6003041568223004 -37.987512969889472
-91.291827464633144 2.6425561263708457 -38.127582595125958
-91.312811177435819 2.6854946421167094 -38.267654454414753
-91.334135504602401 2.7291308596506485 -38.407728620872426
-91.355805963548818 2.7734761158290171 -38.547805170006001
-91.377828160492513 2.8185419317191238 -38.68788417979092
-91.400207791853731 2.8643400155924481 -38.8279657307516
-91.422950645676707 2.9108822659664955 -38.968049906044506
-91.446062603072377 2.9581807746960758 -39.108136791544041
-91.469549639681986 3.0062478301148166 -39.248226475931084
-91.493417827162261 3.0550959202277146 -39.388319050784567
-91.517673334691736 3.1047377359555717 -39.528414610675853
-91.542322430499766 3.155186174432143 -39.668513253266319
-91.567371483416736 3.2064543423548604 -39.808615079407993
-91.592826964446914 3.2585555593900053 -39.948720193247503
-91.618695448364022 3.3115033616332052 -40.088828702333394
-91.644983615329238 3.3653115051261673 -40.228940717726907
-91.671698252532323 3.4199939694305481 -40.369056354116331
-91.698846255855557 3.4755649612598978 -40.509175729935073
-91.726434631561744 3.5320389181706195 -40.649298967483546
-91.754470498004622 3.5894305123129011 -40.789426193054986
-91.782961087364399 3.6477546542425929 -40.929557537065328
-91.811913747405939 3.7070264967950348 -41.069693134187297
-91.841335943262067 3.7672614390218135 -41.209833123488792
-91.871235259240237 3.828475130191499 -41.349977648575809
-91.901619400654411 3.8906834738553817 -41.490126857739824
-91.93249619568121 3.9539026319792789 -41.630280904110109
-91.963873597240749 4.0181490291424735 -41.770439945810814
-91.995759684902438 4.0834393568048837 -41.910604146123177
-92.028162666815746 4.1497905776435662 -42.050773673652905
-92.061090881666473 4.217219929959688 -42.190948702502993
-92.094552800657198 4.2857449321571002 -42.331129412452015
-92.128557029514454 4.3553833872936849 -42.471315989138226
-92.163112310520148 4.4261533877066634 -42.611508624249531
-92.19822752456902 4.4980733197130451 -42.751707515719495
-92.233911693251514 4.5711618683864845 -42.891912867929747
-92.270173980961786 4.6454380224117022 -43.03212489191877
-92.307023697031937 4.7209210790178444 -43.172343805597393
-92.34447029789095 4.7976306489919667 -43.312569833971168
-92.382523389249897 4.8755866617739905 -43.452803209369911
-92.421192728312036 4.954809370634452 -43.593044171684447
-92.460488226008479 5.0353193579363769 -43.733292968611046
-92.500419949258969 5.1171375404826582 -43.873549855903498
-92.540998123258063 5.2002851749503218 -44.013815097633326
-92.582233133785948 5.2847838634130886 -44.154088966458247
-92.624135529544191 5.3706555589536826 -44.294371743899106
-92.666716024516106 5.4579225713673232 -44.434663720625636
-92.709985500351479 5.5466075729578899 -44.5749651967513
-92.753955008774881 5.6367336044282839 -44.715276482137398
-92.79863577401845 5.7283240808664813 -44.855597896706904
-92.84403919527729 5.8214027978288696 -44.995929770768036
-92.890176849188194 5.9159939375224191 -45.136272445348261
-92.937060492330872 6.0121220750873174 -45.276626272538586
-92.984702063750902 6.1098121849816822 -45.416991615848893
-93.033113687504581 6.2090896474700186 -45.557368850574264
-93.082307675224058 6.3099802552171163 -45.697758364172955
-93.132296528703165 6.412510219989076 -45.838160556656071
-93.183092942502569 6.5167061794632311 -45.9785758409895
-93.234709806573832 6.6225952041487117 -46.119004643508482
-93.287160208901057 6.7302048044194738 -46.259447404344854
-93.340457438159945 6.8395629376615981 -46.399904577867908
-93.394614986392341 6.9506980155367231 -46.540376633138742
-93.449646551696745 7.0636389113635021 -46.680864054378723
-93.505566040931768 7.1784149676190099 -46.821367341452557
-93.56238757243284 7.2950560035620242 -46.961887010366141
-93.62012547874005 7.4135923229801834 -47.102423593779932
-93.678794309336283 7.5340547220630274 -47.242977641537941
-93.738408833394018 7.6564744974029599 -47.383549721213086
-93.798984042528602 7.7808834541262542 -47.524140418669283
-93.86053515355745 7.9073139141560906 -47.664750338640509
-93.923077611262556 8.0357987246099647 -47.805380105327835
-93.986627091154759 8.1663712663334671 -47.946030363014302
-94.051199502237594 8.2990654625727718 -48.086701776698703
-94.116810989768666 8.4339157877880151 -48.227395032748404
-94.183477938016324 8.5709572766098887 -48.368110839571848
-94.251216973009235 8.7102255329417861 -48.508849928311371
-94.320044965275954 8.8517567392098186 -48.649613053556806
-94.389979032572683 8.995587665763157 -48.790400994080258
-94.461036542594854 9.1417556804270994 -48.931214553593016
-94.533235115671559 9.2902987582113923 -49.072054561524723
-94.606592627437294 9.4412554911762605 -49.212921873825799
-94.681127211479634 9.5946650984587887 -49.353817373793348
-94.756857261958061 9.7505674364622053 -49.494741972921531
-94.833801436190853 9.9090030092107106 -49.635696611776545
-94.911978657205751 10.070012978872601 -49.776682260897473
-94.991408116249758 10.233639176454332 -49.917699921722914
-95.072109275255016 10.399924112668401 -50.058750627544597
-95.154101869254475 10.568910988977773 -50.199835444488421
-95.237405908743739 10.740643708819793 -50.340955472523426
-95.322041681983436 10.915166889012466 -50.482111846499684
-95.40802975723615 11.092525871346082 -50.62330573721551
-95.495390984933977 11.272766734363177 -50.764538352514677
-95.584146499768423 11.455936305329928 -50.905810938414554
-95.674317722698561 11.64208217240204 -51.047124780265499
-95.765926362868868 11.831252696988344 -51.188481203942445
-95.858994419431781 12.023497026315273 -51.329881577069308
-95.953544183266331 12.218865106195492 -51.471327310276713
-96.049598238586114 12.417407694004027 -51.612819858494042
-96.147179464428206 12.619176371865205 -51.754360722276118
-96.246311036014546 12.824223560053905 -51.89595144916553
-96.347016425978097 13.032602530614527 -52.037593635090943
-96.449319405443873 13.244367421201318 -52.179288925802318
-96.553244044955079 13.459573249143476 -52.321039018343534
-96.65881471523565 13.678275925738907 -52.462845662562977
-96.766056087777386 13.900532270780179 -52.604710662662946
-96.874993135241965 14.126400027316535 -52.746635878788233
-96.985651131666344 14.355937876655741 -52.888623228654552
-97.098055652459252 14.58920545360972 -53.030674689217399
-97.212232574176966 14.826263361987918 -53.172792298381751
-97.328208074065643 15.067173190342384 -53.314978156753263
-97.446008629357053 15.311997527968728 -53.457234429431224
-97.565661016303139 15.560799981167046 -53.599563347843912
-97.687192308935892 15.813645189767096 -53.741967211626566
-97.810629877536925 16.070598843921964 -53.884448390542339
-97.936001386802104 16.331727701174611 -54.027009326446553
-98.063334793683964 16.597099603801759 -54.169652535294574
-98.192658344896117 16.866783496439542 -54.312380609193212
-98.324000574061799 17.14084944399562 -54.455196218496056
-98.457390298488875 17.419368649852291 -54.598102113942581
-98.592856615552648 17.702413474365404 -54.741101128841066
-98.730428898667114 17.990057453663862 -54.884196181295145
-98.870136792824979 18.282375318754589 -55.027390276473916
-99.012010209685855 18.579443014937919 -55.170686508924966
-99.156079322190834 18.8813377215385 -55.314088064930353
-99.302374558683127 19.188137871956755 -55.457598224904686
-99.450926596510172 19.499923174046188 -55.601220365834621
-99.6017663550859 19.816774630821801 -55.744957963759333
-99.754924988387984 20.138774561504963 -55.888814596290672
-99.910433876866222 20.466006622910282 -56.032793945172152
-100.06832461873708 20.79855583117995 -56.176899798875503
-100.22862902063785 21.136508583871276 -56.321136055233389
-100.39137908761468 21.479952682403081 -56.465506724106675
-100.55660701241766 21.828977354866854 -56.610015930084693
-100.72434516407453 22.183673279208602 -56.75466791521626
-100.89462607571564 22.544132606787223 -56.899467041769491
-101.06748243162183 22.910448986315856 -57.04441779501807
-101.24294705346468 23.282717588192156 -57.189524786051038
-101.42105288571166 23.66103512922394 -57.334792754603725
-101.60183298016402 24.04549989775656 -57.480226571906272
-101.78532047959978 24.436211779208605 -57.6258312435465
-101.97154860048835 24.833272282022527 -57.771611912343481
-102.16055061474854 25.236784564036896 -57.917573861227865
-102.35235983051773 25.646853459287222 -58.063722516124493
-102.54700957190184 26.063585505242234 -58.210063448832763
-102.74453315767477 26.487088970482713 -58.356602379899911
-102.94496387889724 26.917473882830102 -58.50334518148162
-103.14833497542372 27.354852057932135 -58.650297880184496
-103.35467961126808 27.799337128312985 -58.797466659884272
-103.5640308487983 28.251044572895424 -58.944857864513153
-103.77642162173024 28.710091747002689 -59.092478000809685
-103.99188470689342 29.176597912847836 -59.240333741023562
-104.21045269474122 29.650684270518539 -59.388431925567865
-104.43215795857896 30.132473989465321 -59.536779565610438
-104.6570326224854 30.622092240501445 -59.685383845595808
-104.88510852790372 31.119666228322785 -59.8342521256887
-105.11641719888058 31.625325224556097 -59.983391944129245
-105.35098980593433 32.139200601344257 -60.132811019490291
-105.58885712853264 32.661425865477256 -60.282517252825897
-105.83004951616599 33.192136693077799 -60.432518729700291
-106.07459684800401 33.731470964850459 -60.582823722085728
-106.3225284911247 34.279568801903594 -60.733440690117128
-106.57387325730896 34.836572602153396 -60.884378283691234
-106.82865935840015 35.40262707731938 -61.035645343897208
-107.08691436022565 35.977879290521038 -61.187250904265397
-107.34866513508851 36.562478694485414 -61.339204191820215
-107.6139378128359 37.156577170375485 -61.491514627922946
-107.88275773051957 37.76032906724955 -61.644191828889809
-108.15514938066718 38.373891242161534 -61.797245606369842
-108.43113635818801 38.997423100913203 -61.950685967467443
-108.7107413059443 39.631086639468329 -62.104523114593462
-108.99398585902344 40.275046486039891 -62.258767445028724
-109.28089058775475 40.929469943861093 -62.413429550183444
-109.57147493951905 41.594527034651421 -62.568520214536122
-109.8657571794088 42.270390542788881 -62.724050414234618
-110.16375432980226 42.957236060200096 -62.880031315342812
-110.46548210892392 43.655242031979725 -63.036474271715562
-110.77095486847111 44.364589802751198 -63.193390822484957
-111.08018553039473 45.085463663780743 -63.350792689141024
-111.39318552293247 45.818050900856946 -63.508691772189849
-111.7099647159996 46.562541842948356 -63.667100147372835
-112.03053135605263 47.319129911651608 -63.826030061430444
-112.35489200055132 48.088011671443191 -63.985493927395169
-112.68305145215207 48.869386880747555 -64.145504319397887
-113.01501269277696 49.663458543835183 -64.306073966973472
-113.35077681771277 50.470432963563837 -64.467215748851402
-113.69034296990129 51.290519794976873 -64.628942686218622
-114.0337082745955 52.123932099772347 -64.791267935442505
-114.38086777456321 52.970886401657381 -64.954204780243217
-114.73181436603018 53.83160274260171 -65.117766623305627
-115.08653873556386 54.706304740005528 -65.28196697732281
-115.44502929810686 55.595219644796131 -65.446819455464365
-115.80727213637974 56.498578400468531 -65.61233776126447
-116.17325094187815 57.416615703085505 -65.778535677926484
-116.54294695769836 58.349570062252496 -65.945427057043077
-116.91633892343245 59.297683863083392 -66.11302580673231
-117.29340302237796 60.261203429172994 -66.281345879193196
-117.67411283131572 61.240379086592938 -66.45040125768567
-118.05843927310927 62.235465228927268 -66.620205942943215
-118.44635057238756 63.246720383364917 -66.790773939028441
-118.83781221457075 64.274407277866189 -66.962119238644647
-119.23278690849988 65.318792909420196 -67.134255807919558
-119.63123455293579 66.380148613411919 -67.307197570679932
-120.03311220718371 67.458750134116102 -67.480958392238648
-120.4383740661014 68.554877696336732 -67.655552062719394
-120.8469714397426 69.668816078210398 -67.830992279946301
-121.25885273788209 70.800854685192917 -68.007292631929872
-121.6739634596581 71.951287625247772 -68.18446657898275
-122.09224618856062 73.120413785256645 -68.362527435502514
-122.51364059298231 74.308536908671329 -68.541488351461481
-122.93808343253305 75.515965674427392 -68.721362293646237
-123.36550857030862 76.743013777140234 -68.902162026693063
-123.7958469912821 77.990000008604028 -69.083900093967216
-124.22902682697257 79.25724834061522 -69.266588798337807
-124.66497338652266 80.545088009141423 -69.450240182901211
-125.10360919429581 81.853853599858411 -69.63486601170915
-125.54485403408154 83.183885135076551 -69.820477750559135
-125.98862499996912 84.535528162080098 -70.007086547906795
-126.43483655393084 85.909133842901497 -70.194703215961283
-126.88340059011756 87.305059045554799 -70.383338212025876
-127.33422650585388 88.723666436751245 -70.573001620147281
-127.78722127928073 90.165324576121478 -70.763703133137227
-128.24228955356847 91.630408011968782 -70.955452035030405
-128.69933372759169 93.119297378578096 -71.148257184042933
-129.15825405292648 94.632379495106335 -71.342126996094521
-129.61894873699919 96.170047466079424 -71.537069428956968
-130.08131405218634 97.732700783522432 -71.733091967090559
-130.54524445063439 99.320745430749028 -71.930201607227715
-131.01063268453782 100.9345939878375 -72.128404844761604
-131.47736993158625 102.57466573882097 -72.32770766099523
-131.94534592526227 104.24138678061844 -72.528115511302914
-132.41444908964664 105.93519013373675 -72.729633314254002
-132.88456667836186 107.65651585477092 -72.932265441744164
-133.3555849172607 109.40581115073248 -73.13601571017648
-133.8273891504484 111.1835304952356 -73.340887372730052
-134.29986398920505 112.99013574657114 -73.54688311274964
-134.77289346335965 114.82609626769899 -73.754005038285058
-135.2463611746532 116.69188904819062 -73.962254677804495
-135.7201504516151 118.58799882815266 -74.171632977100103
-136.194144505472 120.51491822416421 -74.382140297400454
-136.66822658659646 122.47314785726059 -74.593776414697516
-137.14228014100593 124.46319648299657 -74.806540520291605
-137.61618896641806 126.48558112362301 -75.020431222552119
-138.08983736737298 128.54082720241121 -75.235446549886362
-138.56311030893676 130.62946868015993 -75.451583954903384
-139.0358935685131 132.75204819392036 -75.668840319755105
-139.50807388529432 134.90911719797541 -75.887211962631241
-139.97953910690455 137.10123610710957 -76.106694645380074
-140.45017833279766 139.32897444220686 -76.327283582222634
-140.91988205399474 141.59291097821449 -76.548973449522606
-141.38854228876582 143.89363389451086 -76.77175839657113
-141.85605271388323 146.23174092771677 -76.995632057341112
-142.32230879109892 148.60783952698966 -77.220587563162212
-142.78720788852402 151.02254701184143 -77.446617556264826
-143.25064939661661 153.47649073251998 -77.673714204138079
-143.71253483851197 155.9703082329977 -77.901869214644734
-144.17276797446135 158.50464741660753 -78.131073851833435
-144.63125490017038 161.08016671437076 -78.361318952387592
-145.08790413886726 163.69753525606006 -78.59259494264829
-145.54262672695202 166.35743304404181 -78.824891856148014
-145.99533629311583 169.06055112994341 -79.058199351591355
-146.44594913084885 171.80759179419107 -79.292506731218751
-146.89438426428185 174.59926872846503 -79.527802959489449
-147.34056350733863 177.43630722111934 -79.764076682020246
-147.78441151620697 180.3194443456145 -80.001316244717913
-148.22585583515735 183.24942915201214 -80.239509713043773
-148.66482693577112 186.22702286158093 -80.47864489135101
-149.10125824965994 189.25299906456476 -80.71870934223638
-149.53508619478708 192.32814392116464 -80.959690405850566
-149.9662501955151 195.4532563657859 -81.201575219113366
-150.39469269653648 198.62914831460461 -81.444350734781978
-150.82035917084875 201.85664487650632 -81.688003740324135
-151.24319812196552 205.13658456745262 -81.932520876549475
-151.66316108056125 208.46981952833085 -82.177888655956124
-152.08020259576483 211.85721574634346 -82.424093480752177
-152.49428022132818 215.2996532799948 -82.671121660514515
-152.90535449690594 218.79802648773372 -82.918959429450993
-153.3133889246912 222.3532442603113 -83.167592963234426
-153.71834994165792 225.96623025691432 -83.417008395380421
-154.12020688766509 229.63792314513503 -83.66719183314396
-154.51893196968535 233.36927684484118 -83.918129372912375
-154.91450022241568 237.16126077600691 -84.169807115075969
-155.30688946553579 241.01486011057423 -84.422211178359717
-155.69608025787394 244.93107602840135 -84.675327713602471
-156.08205584873986 248.91092597737494 -84.929142916973575
-156.46480212668209 252.95544393774659 -85.183643042617916
-156.84430756592138 257.06568069076485 -85.438814414724533
-157.22056317070852 261.24270409167201 -85.694643439014882
-157.59356241784647 265.48759934713729 -85.951116613650044
-157.9633011976141 269.80146929719746 -86.208220539558141
-158.32977775331574 274.18543470177906 -86.465941930184485
-158.69299261967927 278.64063453187595 -86.724267620669735
-159.05294856031193 283.16822626545843 -86.983184576462648
-159.40965050441767 287.76938618819059 -87.242679901375226
-159.76310548296789 292.44530969903337 -87.502740845090187
-160.11332256450999 297.19721162081447 -87.763354810131446
-160.46031279078903 302.02632651584332 -88.024509358309388
-160.80408911234554 306.93390900665548 -88.286192216654442
-161.1446663242462 311.92123410196825 -88.548391282852293
-161.482061002091 316.9895975279328 -88.81109463019591
-161.81629143843261 322.14031606476897 -89.074290512069396
-162.14737757973674 327.37472788886942 -89.337967365979679
-162.475340963995 332.69419292046342 -89.602113817152713
-162.80020465910337 338.10009317692897 -89.866718681710111
-163.12199320209993 343.59383313184651 -90.131770969444233
-163.44073253935497 349.17684007988629 -90.397259886207948
-163.75644996779238 354.85056450762511 -90.663174835936829
-164.06917407721673 360.6164804703883 -90.929505422320958
-164.37893469381035 366.47608597521486 -91.196241450143418
-164.68576282485918 372.43090337004548 -91.463372926302753
-164.98969060475554 378.48247973923429 -91.730890060536225
-165.29075124232435 384.6323873054875 -91.998783265860638
-165.58897896950654 390.88222383833249 -92.2670431587472
-165.88440899143353 397.23361306922487 -92.535660559046633
-166.17707743791502 403.68820511339993 -92.804626489680246
-166.46702131636138 410.24767689857885 -93.073932176112464
-166.75427846615449 416.91373260064103 -93.343569045620157
-167.03888751447607 423.68810408637546 -93.613528726372905
-167.32088783359887 430.57255136342638 -93.883803046338826
-167.60031949964113 437.56886303755005 -94.154384032029682
-167.8772232527829 444.67885677730112 -94.425263907098355
-168.15164045893414 451.90437978627028 -94.696435090801813
-168.42361307285029 459.24730928299448 -94.967890196341685
-168.69318360267584 466.70955298866556 -95.239622029094534
-168.96039507590615 474.29304962276376 -95.511623584743035
-169.22529100674569 481.99976940674412 -95.783888047319209
-169.48791536484393 489.83171457590794 -96.056408787169943
-169.74831254538864 497.79091989959062 -96.329179358854944
-170.00652734052673 505.8794532098031 -96.602193498986509
-170.26260491209422 514.09941593846224 -96.875445124020445
-170.51659076562257 522.45294366335077 -97.148928328006335
-170.76853072559766 530.94220666294905 -97.42263738030573
-171.01847091193764 539.56941048028114 -97.696566723285898
-171.26645771766368 548.33679649592364 -97.970710969996375
-171.51253778773105 557.24664251032482 -98.245064901835335
-171.75675799898769 566.3012633355861 -98.519623466212551
-171.99916544123184 575.50301139685894 -98.794381774214742
-172.23980739933222 584.8542773435139 -99.06933509827941
-172.47873133638222 594.35749067024051 -99.344478869882792
-172.71598487785269 604.01512034823918 -99.619808677246439
-172.95161579671137 613.82967546666964 -99.895320263068257
-173.18567199947697 623.80370588452161 -100.17100952228142
-173.41820151317415 633.93980289307831 -100.44687249984646
-173.64925247315742 644.24059988914348 -100.72290538857949
-173.8788731117711 654.70877305920794 -100.99910452702119
-174.10711174781406 665.34704207473339 -101.27546639734925
-174.33401677677722 676.15817079873341 -101.55198762333799
-174.55963666182075 687.14496800383381 -101.82866496836775
-174.78401992546213 698.31028810200883 -102.10549533348713
-175.00721514194331 709.65703188615919 -102.38247575553046
-175.22927093024575 721.18814728375526 -102.65960340529288
-175.45023594772454 732.90663012271852 -102.93687558576535
-175.67015888433116 744.81552490974866 -103.21428973043145
-175.88908845739681 756.91792562129865 -103.49184340162792
-176.10707340694651 769.21697650740111 -103.76953428897069
-176.32416249151566 781.71587290855678 -104.04736020784789
-176.54040448444289 794.41786208589679 -104.32531909798129
-176.75584817060965 807.32624406483205 -104.6034090220576
-176.97054234360016 820.44437249241446 -104.88162816443072
-177.18453580325652 833.77565550862505 -105.15997482989592
-177.39787735360119 847.32355663182364 -105.4384474425374
-177.61061580110081 861.0915956585834 -105.71704454464958
-177.82279995324731 875.08334957814736 -105.99576479573329
-178.03447861743061 889.30245350174425 -106.27460697156749
-178.24570060007738 903.75260160700395 -106.55356996335706
-178.45651470603215 918.43754809771929 -106.8326527769575
-178.66696973815661 933.36110817920235 -107.11185453217688
-178.87711449712208 948.52715904948968 -107.39117446215545
-179.08699778137333 963.93964090665293 -107.67061191282347
-179.29666838723784 979.60255797247726 -107.95016634243741
-179.50617510915941 995.51997953277407 -108.22983732119495
-179.71556674003091 1011.6960409945964 -108.50962453092905
-179.92489207160494 1028.1349449606341 -108.78952776488093
-180.13419989495776 1044.8409623210653 -109.06954692755259
-180.34353900098444 1061.8184333631507 -109.34968203463862
-180.55295818090292 1079.0717688988568 -109.62993321303729
-180.76250622674266 1096.6054514108014 -109.91030070094133
-180.9722319317957 1114.42403621682 -110.19078484800781
-181.18218409100754 1132.5321526534547 -110.47138611560734
-181.39241150128524 1150.934505278673 -110.75210507715254
-181.60296296169636 1169.6358750941313 -111.03294241850513
-181.81388727354172 1188.6411207872966 -111.31389893846207
-182.02523324027158 1207.9551799937515 -111.59497554931964
-182.23704966722678 1227.583070580012 -111.87617327751593
-182.44938536117849 1247.5298919471882 -112.1574932643508
-182.66228912964377 1267.8008263558268 -112.43893676678277
-182.87580977995162 1288.4011402722849 -112.7205051583029
-183.08999611803549 1309.3361857369757 -113.00219992988447
-183.30489694692781 1330.6114017548498 -113.28402269100792
-183.52056106493001 1352.2323157084702 -113.56597517076052
-183.7370372634339 1374.2045447940468 -113.84805921900961
-183.95437432436711 1396.5337974808056 -114.13027680764895
-184.17262101723853 1419.2258749940706 -114.41263003191636
-184.39182609575346 1442.2866728224449 -114.69512111178248
-184.61203829397516 1465.7221822494812 -114.97775239340871
-184.83330632200224 1489.5384919102394 -115.26052635067329
-185.0556788611359 1513.7417893731376 -115.54344558676381
-185.27920455850807 1538.3383627475073 -115.8265128358351
-185.5039320211406 1563.3346023172664 -116.10973096472983
-185.72990980940793 1588.7370022011407 -116.39310297476071
-185.957186429872 1614.5521620398599 -116.67663200355193
-186.18581032746135 1640.7867887107705 -116.96032132693746
-186.41582987696077 1667.447698070308 -117.24417436091412
-186.64729337378381 1694.541816724781 -117.52819466364639
-186.88024902399462 1722.0761838299322 -117.8123859375205
-187.11474493354874 1750.0579529197375 -118.09675203124461
-187.35082909672064 1778.4943937649196 -118.38129694199161
-187.58854938368555 1807.3928942616651 -118.66602481758163
-187.82795352722317 1836.7609623510259 -118.95093995869946
-188.06908910851109 1866.6062279695129 -119.2360468211443
-188.31200354197537 1896.9364450313808 -119.52135001810579
-188.55674405916403 1927.7594934431261 -119.80685432246339
-188.80335769161272 1959.0833811507171 -120.09256466910283
-189.05189125266853 1990.9162462200827 -120.37848615724528
-189.30239131824007 2023.2663589514334 -120.66462405278337
-189.55490420644171 2056.1421240278873 -120.95098379061774
-189.80947595609922 2089.5520826990605 -121.23757097698865
-190.06615230408815 2123.5049150001087 -121.52439139179513
-190.32497866146929 2158.0094420068344 -121.81145099089521
-190.58600008839775 2193.0746281274373 -122.09875590837949
-190.84926126777142 2228.709583431501 -122.38631245881005
-191.11480647759362 2264.9235660168238 -122.67412713941698
-191.38267956202355 2301.7259844147075 -122.96220663224278
-191.65292390108613 2339.1264000343322 -123.25055780622651
-191.92558237902261 2377.1345296468439 -123.53918771921727
-192.20069735125614 2415.7602479098109 -123.82810361990731
-192.4783106099556 2455.0135899326965 -124.11731294967392
-192.75846334817663 2494.9047538840209 -124.40682334431921
-193.04119612257 2535.4441036408803 -124.69664263569625
-193.32654881464103 2576.6421714815269 -124.98677885320933
-193.61456059055297 2618.5096608216904 -125.2772402251762
-193.90526985946951 2661.057448995371 -125.56803518003896
-194.19871423043176 2704.296590080809 -125.85917234741031
-194.49493046777505 2748.2383177723764 -126.15066055894144
-194.79395444508961 2792.8940482991361 -126.44250884899681
-195.09582109773595 2838.2753833908218 -126.73472645512152
-195.40056437393179 2884.394113292009 -127.02732281828571
-195.70821718443054 2931.2622198252684 -127.32030758289048
-196.01881135081911 2978.8918795040881 -127.61369059651979
-196.33237755246554 3027.2954666963783 -127.90748190942136
-196.64894527215688 3076.4855568393809 -128.20169177370082
-196.9685427404732 3126.4749297068133 -128.49633064221163
-197.29119687894752 3177.2765727291062 -128.79140916712433
-197.61693324207388 3228.9036843675849 -129.0869381981575
-197.94577595823034 3281.369677543481 -129.38292878045354
-198.27774766959146 3334.688183122661 -129.6793921520819
-198.6128694711135 3388.8730534569777 -129.97633974115243
-198.95116084868681 3443.9383659831637 -130.27378316252177
-199.29263961655352 3499.8984268802014 -130.57173421407612
-199.637321854102 3556.7677747861267 -130.87020487257345
-199.98522184215767 3614.5611845752228 -131.16920728902912
-200.33635199889736 3673.2936711965835 -131.46875378362884
-200.69072281552741 3732.9804935750622 -131.76885684015431
-201.04834279187224 3793.6371585755924 -132.06952909990662
-201.40921837203183 3855.2794250319353 -132.37078335511379
-201.77335388027413 3917.9233078408815 -132.67263254181006
-202.14075145734085 3981.585082122986 -132.97508973217478
-202.51141099735452 4046.2812874509032 -133.27816812632062
-202.88533008551744 4112.0287321464357 -133.58188104352215
-203.26250393681468 4178.8444976473929 -133.8862419128767
-203.64292533592891 4246.7459429454248 -134.19126426339162
-204.02658457859098 4315.7507090959452 -134.49696171349348
-204.41346941459747 4385.8767238013506 -134.80334795995688
-204.80356499272838 4457.1422060687019 -135.11043676625201
-205.19685380781232 4529.5656709430968 -135.4182419503129
-205.59331565018496 4603.1659343179454 -135.72677737173041
-205.99292755779581 4677.9621178234138 -136.03605691837583
-206.39566377122006 4753.9736537942981 -136.34609449246454
-206.80149569183743 4831.2202903186117 -136.65690399607047
-207.21039184343769 4909.7220963682257 -136.96849931610643
-207.62231783751633 4989.4994670128553 -137.28089430878691
-208.03723634252171 5070.57312871878 -137.59410278359312
-208.45510705731118 5152.9641447336626 -137.9081384867639
-208.87588668907347 5236.6939205588551 -138.22301508433759
-209.29952893596354 5321.7842095106325 -138.53874614477485
-209.72598447469468 5408.257118371791 -138.85534512119364
-210.15520095332081 5496.1351131350693 -139.17282533325221
-210.58712298943129 5585.4410248399045 -139.49119994871776
-211.0216921739688 5676.1980555040191 -139.81048196476235
-211.45884708086888 5768.4297841513844 -140.13068418902998
-211.89852328270013 5862.160172938191 -140.45181922052163
-212.34065337246986 5957.4135733782305 -140.77389943034791
-212.78516699173821 6054.2147326695676 -141.09693694240167
-213.23199086516632 6152.5888001239418 -141.42094361400427
-213.68104884159683 6252.5613337006507 -141.74593101658314
-214.13226194174658 6354.1583066466128 -142.07191041643816
-214.58554841256054 6457.4061142443124 -142.3988927556579
-215.04082378825433 6562.3315806693927 -142.72688863324646
-215.49800095804167 6668.9619659596883 -143.05590828652441
-215.95699024051407 6777.3249730974749 -143.38596157286653
-216.41769946461471 6887.4487552068213 -143.71705795184104
-216.88003405711197 6999.3619228678735 -144.04920646781338
-217.3438971364539 7113.0935515499905 -144.38241573307906
-217.80918961284775 7228.6731891656673 -144.71669391158849
-218.2758102943842 7346.1308637471975 -145.05204870332497
-218.74365599898971 7465.4970912480621 -145.38848732939809
-219.21262167196551 7586.8028834710994 -145.72601651790944
-219.68260050883643 7710.0797561254858 -146.06464249064882
-220.15348408321057 7835.3597370146417 -146.40437095067387
-220.62516247931941 7962.6753743571717 -146.74520707082465
-221.09752442888305 8092.0597452430202 -147.0871554832211
-221.57045745192221 8223.5464642270272 -147.43022026978704
-222.04384800111526 8357.1696920621143 -147.77440495384118
-222.51758160927895 8492.96414457438 -148.119712492791
-222.99154303953247 8630.9651016824118 -148.46614527196101
-223.46561643769002 8771.2084165631259 -148.81370509958177
-223.93968548641439 8913.730524966586 -149.16239320296194
-224.41363356065179 9058.568454682123 -149.51221022585935
-224.88734388386146 9205.7598351583201 -149.86315622706289
-225.36069968455161 9355.3429072792678 -150.21523068019158
-225.83358435262483 9507.3565332997114 -150.56843247471093
-226.3058815950445 9661.8402069415952 -150.92275991816226
-226.7774755903329 9818.8340636546909 -151.27821073959541
-227.24825114142106 9978.3788910439507 -151.63478209418886
-227.71809382637599 10140.516139466259 -151.99247056903769
-228.18689014654956 10305.287932799421 -152.35127219008353
-228.65452767170214 10472.737079386088 -152.71118243015638
-229.12089518167576 10642.90708315554 -153.07219621809426
-229.58588280420736 10815.842154926162 -153.43430794890034
-230.04938214849815 10991.587223891598 -153.79751149489613
-230.51128643417522 11170.187949293511 -154.16180021782242
-230.97149061531127 11351.690732284047 -154.52716698183872
-231.42989149918859 11536.142727981016 -154.89360416736741
-231.88638785953077 11723.591857718982 -155.26110368572716
-232.34088054394303 11914.086821499406 -155.62965699449703
-232.79327257534521 12107.677110643088 -155.99925511355053
-233.24346924719825 12304.413020648211 -156.3698886416995
-233.69137821236788 12504.3456642573 -156.74154777388318
-234.1369095654936 12707.526984736503 -157.11422231883998
-234.57997591875974 12914.009769370658 -157.48790171719747
-235.02049247100388 13123.847663177628 -157.86257505991671
-235.45837707011776 13337.09518284548 -158.23823110702713
-235.8935502687342 13553.807730896136 -158.6148583065893
-236.32593537321296 13774.041610079154 -158.99244481382289
-236.75545848597287 13997.854037999396 -159.37097851033991
-237.18204854124045 14225.303161982389 -159.75044702342379
-237.60563733430371 14456.448074181215 -160.13083774529684
-238.02615954439486 14691.348826928892 -160.51213785232136
-238.44355275133708 14930.066448340176 -160.8943343240812
-238.85775744611544 15172.66295816692 -161.27741396229368
-239.2687170355421 15419.201383911035 -161.66136340950379
-239.67637784121717 15669.745777199278 -162.04616916751593
-240.08068909298541 15924.361230424103 -162.431817615521
-240.48160291711019 16183.113893654931 -162.81829502787988
-240.8790743193953 16446.070991824166 -163.20558759152669
-241.27306116349595 16713.300842192479 -163.59368142295926
-241.66352414466249 16984.872872098014 -163.9825625847869
-242.05042675917414 17260.857636993685 -164.37221710180776
-242.43373526972022 17541.326838777881 -164.76263097659262
-242.81341866698446 17826.35334442286 -165.15379020455401
-243.1894486277013 18116.011204905863 -165.54568078848243
-243.56179946944113 18410.375674447856 -165.93828875253487
-243.93044810238797 18709.523230064849 -166.33160015566284
-244.29537397836552 19013.531591436928 -166.72560110447066
-244.65655903736899 19322.479741100116 -167.12027776549633
-245.01398765184933 19636.447944966349 -167.51561637691103
-245.36764656900178 19955.517773176856 -167.91160325963367
-245.7175248512871 20279.772121294409 -168.30822482786161
-246.06361381542533 20609.295231839886 -168.70546759901819
-246.40590697008375 20944.172716178826 -169.10331820312155
-246.74439995247363 21284.491576763558 -169.50176339157991
-247.07909046406533 21630.340229736808 -169.90079004542048
-247.40997820561719 21981.808527902522 -170.30038518296072
-247.73706481171109 22338.987784069988 -170.70053596693171
-248.06035378497231 22701.970794777226 -171.10122971106512
-248.37985043014166 23070.85186439992 -171.50245388615571
-248.69556178816759 23445.726829652034 -171.90419612561303
-249.00749657045932 23826.693084484556 -172.30644423051621
-249.3156650934489 24213.849605388827 -172.70918617418644
-249.6200792135927 24607.296977111015 -173.112410106293
-249.92075226293167 25007.137418784398 -173.51610435650838
-250.21769898532446 25413.474810486317 -173.92025743772936
-250.51093547345945 25826.414720226589 -174.32485804887995
-250.80047910673417 26246.0644313745 -174.72989507731364
-251.08634849009576 26672.532970531414 -175.13535760083198
-251.36856339391386 27105.931135856328 -175.5412348893359
-251.64714469495968 27546.371525851635 -175.94751640612759
-251.92211431855085 27993.968568616663 -176.35419180887968
-252.19349518191751 28448.838551576522 -176.76125095028792
-252.46131113883783 28911.099651694014 -177.16868387842496
-252.72558692558212 29380.871966172486 -177.57648083681116
-252.98634810820135 29858.277543657525 -177.98463226421808
-253.24362103118915 30343.440415945675 -178.39312879422144
-253.49743276753648 30836.486630208339 -178.80196125451801
-253.74781107020289 31337.544281739374 -179.21112066602203
-253.99478432500933 31846.743547234684 -179.62059824175569
-254.23838150496604 32364.216718612664 -180.03038538554736
-254.47863212603716 32890.098237384111 -180.44047369055252
-254.71556620434163 33424.524729580684 -180.85085493760897
-254.94921421478463 33967.635041250825 -181.26152109344079
-255.17960705111611 34519.57027453254 -181.6724643087222
-255.4067759874014 35080.473824312226 -182.08367691601367
-255.63075264089429 35650.491415479257 -182.4951514275817
-255.85156893629278 36229.771140785851 -182.90688053311283
-256.06925707136276 36818.463499322097 -183.31885709733226
-256.28384948390658 37416.72143561628 -183.73107415753768
-256.49537882005654 38024.700379370355 -184.14352492105652
-256.70387790386604 38642.558285841253 -184.55620276263656
-256.90937970817788 39270.455676878242 -184.96910122177815
-257.11191732673944 39908.555682627091 -185.38221400001598
-257.31152394753934 40557.024083911936 -185.79553495815765
-257.50823282733347 41216.029355305756 -186.20905811348717
-257.7020772673377 41885.74270890074 -186.62277763693916
-257.89309059005143 42566.338138789804 -187.03668785025079
-258.08130611718434 43257.992466270938 -187.45078322309675
-258.26675714865536 43960.885385786081 -187.86505837021375
-258.44947694263391 44675.199511606399 -188.27950804851889
-258.6294986965911 45401.120425276145 -188.69412715422717
-258.80685552933107 46138.836723827531 -189.10891071997281
-258.98158046397123 46888.540068778879 -189.52385391193826
-259.15370641183938 47650.425235928982 -189.93895202699485
-259.32326615726214 48424.690165960936 -190.35420048985921
-259.49029234320631 49211.536015867365 -190.76959485026777
-259.65481745775128 50011.167211212094 -191.18513078017335
-259.81687382135925 50823.791499240666 -191.60080407096621
-259.97649357491451 51649.620002853837 -192.01661063072206
-260.13370866850317 52488.867275458106 -192.43254648147951
-260.2885508509068 53341.751356707522 -192.848607756549
-260.44105165978175 54208.49382915123 -193.26479069785498
-260.59124241249611 55089.31987580147 -193.68109165331347
-260.73915419760027 55984.45833863692 -194.0975070742457
-260.8848178669038 56894.141778056844 -194.51403351283025
-261.02826402813554 57818.606533301063 -194.93066761959381
-261.16952303815947 58758.092783851804 -195.34740614094221
-261.30862499672725 59712.84461183333 -195.76424591673265
-261.44559974073866 60683.110065425331 -196.18118387788724
-261.58047683899275 61669.141223306826 -196.59821704404945
-261.71328558740635 62671.194260147124 -197.01534252128272
-261.84405500467773 63689.529513161149 -197.43255749981296
-261.97281382837463 64724.411549745651 -197.84985925181414
-262.09959051143164 65776.109236215343 -198.26724512923778
-262.22441321903136 66844.895807655048 -198.68471256168618
-262.3473098258554 67931.048938907348 -199.10225905432958
-262.46830791368575 69034.850816713515 -199.51988218586692
-262.58743476934137 70156.588213026742 -199.93757960653033
-262.70471738292787 71296.552559516611 -200.35534903613328
-262.82018244639272 72455.040023284106 -200.77318826216157
-262.93385635236325 73632.351583807002 -201.19109513790758
-263.04576519325627 74828.793111135441 -201.60906758064687
-263.15593476064595 76044.675445358225 -202.02710356985708
-263.26439054487139 77280.314477360138 -202.44520114547848
-263.37115773487773 78536.031230891749 -202.86335840621581
-263.47626121827199 79812.151945972466 -203.28157350788098
-263.57972558158536 81109.008163649065 -203.6998446617759
-263.68157511072923 82426.936812131244 -204.11817013311497
-263.78183379163147 83766.28029432692 -204.53654823948682
-263.88052531104734 85127.386576799734 -204.95497734935435
-263.97767305753018 86510.609280172197 -205.37345588059284
-264.07330012255397 87916.307770997621 -205.79198229906521
-264.16742930177855 89344.847255124914 -206.21055511723384
-264.2600830964484 90796.598872580464 -206.62917289280853
-264.35128371491595 92271.939793991827 -207.04783422742946
-264.44105307428134 93771.253318577947 -207.46653776538511
-264.52941280214066 95294.928973731876 -207.88528219236383
-264.61638423843641 96843.362616221464 -208.30406623423897
-264.70198843740258 98416.956535034406 -208.72288865588624
