1.0000000000000002 30.48507828572269 1.0000000000000002 -169.17899103704997
1.0076299392363937 30.355588970746954 1.0076299392363937 -169.09867617323789
1.0153180944455378 30.226137225562091 1.0153180944455378 -169.01779873844418
1.0230649098117677 30.096723580007914 1.0230649098117677 -168.93635553736456
1.0308708329085177 29.967348570715828 1.0308708329085177 -168.85434337335593
1.0387363147241797 29.838012741175721 1.0387363147241797 -168.77175904887551
1.0466618096881604 29.708716641802866 1.0466618096881604 -168.68859936593168
1.0546477756971342 29.579460830004919 1.0546477756971342 -168.60486112654507
1.0626946741415007 29.450245870248825 1.0626946741415007 -168.52054113322163
1.0708029699320389 29.321072334127727 1.0708029699320389 -168.43563618943622
1.0789731315267699 29.191940800427865 1.0789731315267699 -168.35014310012849
1.0872056309580198 29.062851855195291 1.0872056309580198 -168.26405867220976
1.0955009438596941 28.93380609180257 1.0955009438596941 -168.17737971508228
1.1038595494947552 28.804804111015297 1.1038595494947552 -168.09010304117029
1.1122819307829126 28.675846521058432 1.1122819307829126 -168.00222546646333
1.1207685743285245 28.546933937682489 1.1207685743285245 -167.91374381107116
1.12931997044871 28.418066984229466 1.12931997044871 -167.82465489979242
1.137936613201679 28.289246291698486 1.137936613201679 -167.73495556269489
1.146619000415275 28.160472498811206 1.146619000415275 -167.64464263570935
1.1553676337157375 28.031746252076889 1.1553676337157375 -167.55371296123525
1.1641830185566839 27.90306820585705 1.1641830185566839 -167.4621633887609
1.1730656642483122 27.774439022429792 1.1730656642483122 -167.36999077549552
1.1820160839868261 27.645859372053661 1.1820160839868261 -167.27719198701598
1.1910347948840851 27.517329933031039 1.1910347948840851 -167.18376389792581
1.2001223179974807 27.388851391771041 1.2001223179974807 -167.089703392529
1.209279178360041 27.260424442851836 1.209279178360041 -166.99500736551721
1.2185059050107636 27.132049789082402 1.2185059050107636 -166.89967272267049
1.2278030310251822 27.003728141563649 1.2278030310251822 -166.80369638157308
1.2371710935461637 26.875460219748849 1.2371710935461637 -166.70707527234248
1.246610633814943 26.747246751503365 1.246610633814943 -166.60980633837374
1.2561221972023926 26.619088473163579 1.2561221972023926 -166.5118865370975
1.2657063332405316 26.490986129595093 1.2657063332405316 -166.41331284075372
1.275363595654275 26.36294047424995 1.275363595654275 -166.31408223717821
1.2850945423934252 26.234952269223069 1.2850945423934252 -166.21419173060698
1.2948997356649075 26.107022285307639 1.2948997356649075 -166.11363834249246
1.3047797419652523 25.97915130204952 1.3047797419652523 -166.01241911233743
1.3147351321133243 25.851340107800635 1.3147351321133243 -165.91053109854192
1.3247664812833 25.723589499771169 1.3247664812833 -165.80797137926731
1.3348743690379021 25.595900284080646 1.3348743690379021 -165.70473705331463
1.3450593793618801 25.46827327580781 1.3450593793618801 -165.6008252410187
1.3553221006957521 25.34070929903914 1.3553221006957521 -165.49623308515794
1.3656631259698016 25.213209186916099 1.3656631259698016 -165.39095775187977
1.3760830526383339 25.085773781680956 1.3760830526383339 -165.28499643164162
1.3865824827141948 24.958403934721147 1.3865824827141948 -165.17834634016756
1.3971620228035515 24.83110050661211 1.3971620228035515 -165.07100471942087
1.4078222841409389 24.703864367158577 1.4078222841409389 -164.96296883859318
1.4185638826245743 24.576696395434141 1.4185638826245743 -164.85423599510798
1.4293874388519419 24.449597479819172 1.4293874388519419 -164.74480351564191
1.4402935781556461 24.322568518036945 1.4402935781556461 -164.6346687571604
1.4512829306395412 24.195610417187872 1.4512829306395412 -164.52382910797036
1.4623561312151352 24.068724093781913 1.4623561312151352 -164.41228198878821
1.4735138196382738 23.941910473768854 1.4735138196382738 -164.30002485382414
1.4847566405460995 23.815170492566693 1.4847566405460995 -164.18705519188254
1.4960852434942979 23.688505095087745 1.4960852434942979 -164.07337052747818
1.5075002829946238 23.561915235762697 1.5075002829946238 -163.95896842196822
1.5190024185527182 23.435401878562207 1.5190024185527182 -163.84384647469983
1.5305923147062099 23.308965997016301 1.5305923147062099 -163.72800232417455
1.5422706410631086 23.182608574231281 1.5422706410631086 -163.61143364922725
1.5540380723404934 23.05633060290409 1.5540380723404934 -163.49413817022122
1.5658952884034933 22.930133085334159 1.5658952884034933 -163.37611365025938
1.5778429743045663 22.804017033432565 1.5778429743045663 -163.25735789641038
1.5898818203230802 22.677983468728378 1.5898818203230802 -163.13786876094937
1.6020125220051915 22.552033422372311 1.6020125220051915 -163.01764414261501
1.6142357802040317 22.426167935137336 1.6142357802040317 -162.89668198788175
1.6265523011202005 22.30038805741636 1.6265523011202005 -162.77498029224563
1.6389627963425635 22.174694849216849 1.6389627963425635 -162.65253710152584
1.6514679828893664 22.04908938015225 1.6514679828893664 -162.52935051318056
1.6640685832496609 21.923572729430177 1.6640685832496609 -162.40541867763784
1.6767653254250467 21.79814598583728 1.6767653254250467 -162.28073979963847
1.689558942971731 21.672810247720687 1.689558942971731 -162.15531213959491
1.70245017504291 21.547566622965935 1.70245017504291 -162.02913401496301
1.7154397664314747 21.422416228971308 1.7154397664314747 -161.90220380162665
1.7285284676130392 21.297360192618534 1.7285284676130392 -161.77451993529579
1.7417170347893025 21.172399650239647 1.7417170347893025 -161.64608091291748
1.7550062299317362 21.047535747580035 1.7550062299317362 -161.51688529409833
1.7683968208256069 20.922769639757572 1.7683968208256069 -161.38693170253993
1.7818895811143367 20.798102491217634 1.7818895811143367 -161.25621882748638
1.795485290344202 20.673535475684037 1.795485290344202 -161.12474542518075
1.8091847340093659 20.549069776105839 1.8091847340093659 -160.99251032033541
1.8229887035972676 20.424706584599662 1.8229887035972676 -160.85951240761088
1.8368979966343462 20.300447102387849 1.8368979966343462 -160.72575065310494
1.850913416732118 20.176292539731932 1.850913416732118 -160.5912240958518
1.8650357736336094 20.052244115861676 1.8650357736336094 -160.45593184932989
1.8792658832601337 19.928303058899459 1.8792658832601337 -160.31987310297842
1.8936045677584346 19.804470605779827 1.8936045677584346 -160.18304712372174
1.9080526555481889 19.6807480021643 1.9080526555481889 -160.04545325750115
1.92261098136986 19.557136502351316 1.92261098136986 -159.90709093081355
1.9372803863329344 19.43363736918101 1.9372803863329344 -159.76795965225651
1.9520617179645112 19.310251873935105 1.9520617179645112 -159.62805901407887
1.9669558302582697 19.186981296231529 1.9669558302582697 -159.48738869373614
1.9819635837238101 19.063826923913844 1.9819635837238101 -159.34594845545101
1.9970858454363665 18.940790052935323 1.9970858454363665 -159.20373815177592
2.0123234890869068 18.817871987237638 2.0123234890869068 -159.0607577251599
2.0276773950326068 18.695074038624099 2.0276773950326068 -158.91700720951727
2.0431484503477138 18.572397526627316 2.0431484503477138 -158.77248673179761
2.0587375488747974 18.44984377837125 2.0587375488747974 -158.62719651355619
2.0744455912763939 18.327414128427549 2.0744455912763939 -158.48113687252433
2.0902734850870366 18.205109918666174 2.0902734850870366 -158.33430822417893
2.1062221447656944 18.082932498100156 2.1062221447656944 -158.18671108330986
2.1222924917486026 17.960883222724441 2.1222924917486026 -158.03834606558439
2.1384854545024976 17.838963455348878 2.1384854545024976 -157.88921388910853
2.1548019685782624 17.717174565425044 2.1548019685782624 -157.73931537598315
2.1712429766649755 17.595517928867157 2.1712429766649755 -157.58865145385516
2.1878094286443748 17.473994927866773 2.1878094286443748 -157.43722315746101
2.2045022816457389 17.352606950701336 2.2045022816457389 -157.28503163016416
2.2213225001011865 17.2313553915365 2.2213225001011865 -157.13207812548302
2.2382710558013912 17.110241650222267 2.2382710558013912 -156.97836400860942
2.2553489279517343 16.989267132082684 2.2553489279517343 -156.82389075791633
2.2725571032288703 16.868433247699389 2.2725571032288703 -156.66865996645407
2.2898965758377408 16.747741412688587 2.2898965758377408 -156.51267334343419
2.3073683475690072 16.627193047471859 2.3073683475690072 -156.35593271569743
2.3249734278569356 16.506789577040365 2.3249734278569356 -156.19844002916878
2.3427128338377132 16.386532430712723 2.3427128338377132 -156.04019735029505
2.3605875904082132 16.266423041886434 2.3605875904082132 -155.88120686746493
2.3785987302852121 16.146462847782786 2.3785987302852121 -155.72147089241085
2.3967472940650505 16.026653289185415 2.3967472940650505 -155.56099186159051
2.4150343302837562 15.906995810172315 2.4150343302837562 -155.39977233754701
2.4334608954776251 15.787491857841403 2.4334608954776251 -155.23781501024772
2.4520280542442587 15.668142882029723 2.4520280542442587 -155.07512269839751
2.4707368793040736 15.548950335026159 2.4707368793040736 -154.91169835072921
2.4895884515622795 15.42991567127776 2.4895884515622795 -154.74754504726613
2.508583860171326 15.311040347089731 2.508583860171326 -154.58266600055825
2.5277242025938298 15.192325820319075 2.5277242025938298 -154.41706455688774
2.5470105846659812 15.073773550061929 2.5470105846659812 -154.25074419744629
2.5664441206614335 14.955384996334667 2.5664441206614335 -154.08370853947963
2.5860259333556788 14.837161619748843 2.5860259333556788 -153.91596133739949
2.6057571540909192 14.719104881179938 2.6057571540909192 -153.74750648386163
2.6256389228414303 14.601216241430119 2.6256389228414303 -153.57834801080784
2.6456723882794195 14.483497160884966 2.6456723882794195 -153.40849009047042
2.6658587078413944 14.365949099164313 2.6658587078413944 -153.23793703634013
2.6861990477950339 14.248573514767228 2.6861990477950339 -153.06669330409221
2.7066945833065676 14.131371864711349 2.7066945833065676 -152.89476349247329
2.7273464985086715 14.014345604166511 2.7273464985086715 -152.72215234414477
2.7481559865688823 13.897496186082913 2.7481559865688823 -152.54886474648288
2.7691242497585331 13.780825060813871 2.7691242497585331 -152.37490573233319
2.790252499522214 13.664333675733305 2.790252499522214 -152.2002804807195
2.8115419565477628 13.548023474848067 2.8115419565477628 -152.02499431750459
2.8329938508367922 13.431895898405291 2.8329938508367922 -151.84905271600124
2.8546094217757525 13.315952382494851 2.8546094217757525 -151.67246129753408
2.8763899182075372 13.200194358647158 2.8763899182075372 -151.49522583194889
2.8983365985036347 13.084623253426383 2.8983365985036347 -151.3173522380695
2.9204507306368321 12.969240488019311 2.9204507306368321 -151.13884658409998
2.9427335922544717 12.854047477820002 2.9427335922544717 -150.95971508797217
2.9651864707522666 12.739045632010445 2.9651864707522666 -150.77996411763559
2.987810663348681 12.624236353137373 2.987810663348681 -150.59960019129039
3.0106074771598794 12.509621036685454 3.0106074771598794 -150.41862997756178
3.0335782292752405 12.395201070647065 3.0335782292752405 -150.23706029561259
3.0567242468334554 12.280977835088901 3.0567242468334554 -150.05489811519635
3.0800468670992047 12.166952701715491 3.0800468670992047 -149.87215055664743
3.1035474375404148 12.053127033430089 3.1035474375404148 -149.68882489080823
3.1272273159061119 11.939502183892928 3.1272273159061119 -149.50492853889168
3.1510878703048646 11.826079497077265 3.1510878703048646 -149.32046907227891
3.1751304792838271 11.712860306823334 3.1751304792838271 -149.13545421225075
3.199356531908383 11.599845936390578 3.199356531908383 -148.94989182965188
3.223767427842402 11.487037698008287 3.223767427842402 -148.763789944488
3.2483645774291023 11.37443689242504 3.2483645774291023 -148.5771567254539
3.2731494017725384 11.262044808457137 3.2731494017725384 -148.39000048939147
3.2981233328197002 11.149862722536337 3.2981233328197002 -148.20232970067954
3.3232878134432458 11.037891898257174 3.3232878134432458 -148.01415297055124
3.3486442975248636 10.926133585924148 3.3486442975248636 -147.82547905634158
3.3741942500392725 10.814589022099067 3.3741942500392725 -147.63631686066265
3.39993914713886 10.703259429148845 3.39993914713886 -147.44667543050653
3.4258804762389641 10.592146014794135 3.4258804762389641 -147.25656395627655
3.4520197361038125 10.481249971658933 3.4520197361038125 -147.06599177074455
3.4783584369331146 10.370572476821645 3.4783584369331146 -146.87496834793592
3.5048981004493105 10.260114691367841 3.5048981004493105 -146.6835033019407
3.5316402599854877 10.149877759945026 3.5316402599854877 -146.49160638565195
3.5585864605739777 10.039862810319738 3.5585864605739777 -146.29928748942936
3.5857382590356086 9.9300709529373474 3.5857382590356086 -146.1065566396905
3.6130972240696613 9.8205032804848251 3.6130972240696613 -145.91342399742771
3.6406649363444941 9.7111608674568579 3.6406649363444941 -145.71989985665246
3.6684429885888705 9.6020447697255875 3.6684429885888705 -145.52599464276562
3.696432985683975 9.4931560241143611 3.696432985683975 -145.33171891085607
3.7246365447561436 9.3844956479757595 3.7246365447561436 -145.13708334392538
3.7530552952702827 9.2760646387743542 3.7530552952702827 -144.9420987510409
3.7816908791240191 9.1678639736743257 3.7816908791240191 -144.74677606541835
3.8105449507425577 9.0598946091325061 3.8105449507425577 -144.55112634243153
3.839619177174268 8.9521574804969841 3.839619177174268 -144.35516075755376
3.8689152381869985 8.8446535016117149 3.8689152381869985 -144.15889060422714
3.8984348263651212 8.7373835644274251 3.8984348263651212 -143.96232729166545
3.928179647207326 8.6303485386191134 3.928179647207326 -143.76548234258766
3.9581514192251537 8.5235492712105394 3.9581514192251537 -143.56836739088507
3.9883518740422859 8.4169865862059066 3.9883518740422859 -143.3709941792213
4.0187827564945842 8.3106612842292016 4.0187827564945842 -143.17337455656971
4.0494458247309009 8.2045741421713583 4.0494458247309009 -142.97552047568473
4.0803428503146648 8.0987259128456 4.0803428503146648 -142.77744399051178
4.1114756183262173 7.9931173246513492 4.1114756183262173 -142.57915725353647
4.1428459274659586 7.88774908124687 4.1428459274659586 -142.38067251307345
4.1744555901582636 7.782621861230977 4.1744555901582636 -142.18200211049697
4.2063064326561923 7.6777363178341531 4.2063064326561923 -141.98315847741537
4.2384002951470094 7.5730930786192472 4.2384002951470094 -141.78415413278941
4.2707390318584926 7.4686927451921363 4.2707390318584926 -141.5850016799983
4.3033245111660658 7.364535892922504 4.3033245111660658 -141.38571380385312
4.3361586157007448 7.2606230706750745 4.3361586157007448 -141.18630326756082
4.3692432424579035 7.1569548005515014 4.3692432424579035 -140.9867829096398
4.4025803029068786 7.0535315776431302 4.4025803029068786 -140.78716564078968
4.4361717231014008 6.9503538697949399 4.4361717231014008 -140.58746444071704
4.4700194437908705 6.8474221173808223 4.4700194437908705 -140.38769235491824
4.5041254205324917 6.7447367330903489 4.5041254205324917 -140.18786249142295
4.538491623804247 6.6422981017273921 4.538491623804247 -139.98798801749959
4.5731200391187539 6.5401065800205895 4.5731200391187539 -139.78808215632534
4.6080126671379622 6.4381624964460107 4.6080126671379622 -139.58815818362191
4.6431715237887543 6.3364661510620177 4.6431715237887543 -139.38822942426066
4.6785986403794144 6.2350178153566089 4.6785986403794144 -139.188309248839
4.7142960637169811 6.1338177321073424 4.7142960637169811 -138.98841107022955
4.7502658562255098 6.032866115253908 4.7502658562255098 -138.78854834010559
4.786510096065224 5.9321631497836069 4.786510096065224 -138.58873454544513
4.8230308772525845 5.8317089916296529 4.8230308772525845 -138.38898320501539
4.8598303097812678 5.7315037675826055 4.8598303097812678 -138.18930786583974
4.8969105197440816 5.6315475752147623 4.8969105197440816 -137.98972209965154
4.9342736494557835 5.5318404828178949 4.9342736494557835 -137.79023949933546
4.9719218575768682 5.4323825293540304 4.9719218575768682 -137.59087367535966
5.0098573192382752 5.3331737244196278 5.0098573192382752 -137.39163825220143
5.0480822261670637 5.2342140482229338 5.0480822261670637 -137.19254686476799
5.0865987868130356 5.1355034515747544 5.0865987868130356 -136.99361315481696
5.1254092264763305 5.0370418558924355 5.1254092264763305 -136.79485076737637
5.1645157874359926 4.9388291532172062 5.1645157874359926 -136.59627334716922
5.2039207290795231 4.8408652062447413 5.2039207290795231 -136.39789453504295
5.2436263280334074 4.743149848369014 5.2436263280334074 -136.19972796440879
5.2836348782946541 4.6456828837392781 5.2836348782946541 -136.00178725769177
5.3239486913633289 4.5484640873302089 5.3239486913633289 -135.80408602279405
5.3645700963761076 4.4514932050250433 5.3645700963761076 -135.60663784957441
5.4055014402408279 4.3547699537117435 5.4055014402408279 -135.40945630634698
5.4467450877721015 4.2582940213919196 5.4467450877721015 -135.21255493640038
5.4883034218279265 4.1620650673025725 5.4883034218279265 -135.01594725454115
5.5301788434473629 4.0660827220504165 5.5301788434473629 -134.81964674366199
5.5723737719892537 3.970346587758645 5.5723737719892537 -134.62366685134012
5.6148906452720038 3.8748562382260765 5.6148906452720038 -134.42802098646379
5.657731919714422 3.7796112190984141 5.657731919714422 -134.2327225158943
5.7009000704776458 3.6846110480515137 5.7009000704776458 -134.03778476116122
5.7443975916081405 3.5898552149864562 5.7443975916081405 -133.84322099519582
5.788226996181792 3.4953431822362155 5.788226996181792 -133.64904443910476
5.8323908164491094 3.4010743847837328 5.8323908164491094 -133.45526825898338
5.8768916039815151 3.307048230491199 5.8768916039815151 -133.26190556277535
5.9217319298187636 3.2132641003402767 5.9217319298187636 -133.06896939717564
5.9669143846174908 3.1197213486830488 5.9669143846174908 -132.8764727445824
6.0124415788008836 3.0264193035034679 6.0124415788008836 -132.68442852009889
6.0583161427094971 2.9333572666890353 6.0583161427094971 -132.4928495685852
6.104540726753231 2.8405345143124294 6.104540726753231 -132.30174866176426
6.1511180015644458 2.7479502969228768 6.1511180015644458 -132.11113849538259
6.1980506581522681 2.6556038398469122 6.1980506581522681 -131.92103168642691
6.2453414080580565 2.5634943434983235 6.2453414080580565 -131.73144077039981
6.2929929835120699 2.4716209836969076 6.2929929835120699 -131.54237819865372
6.3410081375913139 2.3799829119958429 6.3410081375913139 -131.35385633578679
6.3893896443786105 2.2885792560172558 6.3893896443786105 -131.16588745710067
6.4381402991228596 2.1974091197958083 6.4381402991228596 -130.97848374612195
6.4872629184005426 2.1064715841298889 6.4872629184005426 -130.79165729218789
6.5367603402784464 2.015765706940126 6.5367603402784464 -130.60542008809969
6.5866354244776355 1.925290523634946 6.5866354244776355 -130.41978402784065
6.636891052538676 1.8350450474827649 6.636891052538676 -130.23476090436361
6.6875301279881079 1.7450282699906028 6.6875301279881079 -130.05036240744656
6.7385555765062071 1.655239161288657 6.7385555765062071 -129.86660012161906
6.7899703460960072 1.565676670520642 6.7899703460960072 -129.68348552415785
6.8417774072536295 1.4763397262394524 6.8417774072536295 -129.50102998315438
6.8939797531399041 1.3872272368078711 6.8939797531399041 -129.31924475565376
6.9465803997532864 1.2983380908040056 6.9465803997532864 -129.1381409858663
6.9995823861041249 1.2096711574310475 6.9995823861041249 -128.95772970345124
7.0529887743902284 1.1212252869310815 7.0529887743902284 -128.77802182187426
7.1068026501737878 1.0329993110026017 7.1068026501737878 -128.59902813683811
7.1610271225596529 0.94499204322136643 7.1610271225596529 -128.42075932478713
7.2156653243749469 0.85720227946430805 7.2156653243749469 -128.24322594148478
7.2707204123500775 0.76962879833613951 7.2707204123500775 -128.06643842066632
7.326195567301113 0.68227036159831211 7.326195567301113 -127.8904070727645
7.3820939943135544 0.59512571460003638 7.3820939943135544 -127.71514208370952
7.4384189229275099 0.50819358671103543 7.4384189229275099 -127.54065351380282
7.4951736073242818 0.42147269175567448 7.4951736073242818 -127.36695129666415
7.5523613265143839 0.33496172844819072 7.5523613265143839 -127.1940452382518
7.6099853845269756 0.2486593808287024 7.6099853845269756 -127.02194501595733
7.6680491106007578 0.16256431869968307 7.6680491106007578 -126.85066017777081
7.7265558593763206 0.076675198062559291 7.7265558593763206 -126.68020014151963
7.7855090110899612 -0.0090093384457837784 7.7855090110899612 -126.51057419417886
7.8449119717689699 -0.094490661116964123 7.8449119717689699 -126.34179149125265
7.9047681734284208 -0.17977015273576283 7.9047681734284208 -126.17386105622593
7.9650810742694533 -0.26484920814584767 7.9650810742694533 -126.00679178008633
8.0258541588790759 -0.34972923381672161 8.0258541588790759 -125.84059242091558
8.0870909384314764 -0.43441164741225796 8.0870909384314764 -125.67527160354859
8.1487949508908937 -0.51889787736108406 8.1487949508908937 -125.51083781930095
8.2109697612160204 -0.60318936242903842 8.2109697612160204 -125.34729942576202
8.2736189615659601 -0.68728755129394525 8.2736189615659601 -125.18466464665562
8.3367461715077766 -0.7711939021230263 8.3367461715077766 -125.02294157176364
8.4003550382256158 -0.85490988215312624 8.4003550382256158 -124.86213815691553
8.4644492367314079 -0.93843696727397208 8.4644492367314079 -124.70226222403913
8.5290324700772047 -1.0217766416147736 8.5290324700772047 -124.54332146127413
8.5941084695691181 -1.1049303971343019 8.5941084695691181 -124.38532342314609
8.659680994982903 -1.1878997332147119 8.659680994982903 -124.22827553079986
8.7257538347811732 -1.2706861562592815 8.7257538347811732 -124.07218507229162
8.7923308063322789 -1.3532911792942883 8.7923308063322789 -123.91705920293931
8.8594157561308577 -1.4357163215751705 8.8594157561308577 -123.76290494572656
8.9270125600200831 -1.5179631081972838 8.9270125600200831 -123.60972919176376
8.9951251234155567 -1.6000330697111829 8.9951251234155567 -123.45753870080186
9.0637573815309711 -1.6819277417428946 9.0637573815309711 -123.30634010179845
9.1329132996054625 -1.7636486646191187 9.1329132996054625 -123.15613989353503
9.2025968731327019 -1.8451973829976105 9.2025968731327019 -123.00694444528359
9.2728121280917275 -1.9265754455028345 9.2728121280917275 -122.85875999752194
9.3435631211795549 -2.0077844043671234 9.3435631211795549 -122.71159266269615
9.4148539400455586 -2.0888258150773615 9.4148539400455586 -122.56544842602784
9.4866887035276246 -2.1697012360273757 9.4866887035276246 -122.4203331463671
9.5590715618901196 -2.2504122281761427 9.5590715618901196 -122.27625255708703
9.6320066970636731 -2.3309603547119369 9.6320066970636731 -122.13321226702057
9.7054983228868021 -2.4113471807224576 9.7054983228868021 -121.99121776143777
9.7795506853493439 -2.4915742728711212 9.7795506853493439 -121.85027440306099
9.8541680628377861 -2.5716431990795394 9.8541680628377861 -121.71038743311821
9.9293547663824473 -2.6515555282162899 9.9293547663824473 -121.57156197243235
10.00511513990654 -2.7313128297920222 10.00511513990654 -121.43380302254474
10.081453560477144 -2.8109166736610365 10.081453560477144 -121.29711546687304
10.1583744385581 -2.8903686297293376 10.1583744385581 -121.16150407189876
10.235882218264834 -2.9696702676692164 10.235882218264834 -121.02697348838876
10.313981377621069 -3.0488231566404043 10.313981377621069 -120.8935282526424
10.392676428817612 -3.1278288650179662 10.392676428817612 -120.76117278776923
10.471971918472985 -3.2066889601266824 10.471971918472985 -120.62991140499183
10.551872427896148 -3.2854050079823343 10.551872427896148 -120.49974830497385
10.632382573351167 -3.3639785730395522 10.632382573351167 -120.37068757917264
10.713507006323924 -3.4424112179464879 10.713507006323924 -120.24273321121376
10.795250413790848 -3.520704503306213 10.795250413790848 -120.115889078287
10.877617518489725 -3.5988599874449037 10.877617518489725 -119.99015895256237
10.960613079192525 -3.67687922618674 10.960613079192525 -119.86554650262494
11.044241890980384 -3.7547637726356551 11.044241890980384 -119.74205529492689
11.128508785520591 -3.832515176963732 11.128508785520591 -119.61968879525622
11.213418631345785 -3.9101349862064341 11.213418631345785 -119.49845037021987
11.298976334135192 -3.987624744064501 11.298976334135192 -119.37834328874129
11.385186836998086 -4.0649859907125885 11.385186836998086 -119.25937072357085
11.472055120759363 -4.1422202626145763 11.472055120759363 -119.14153575280656
11.559586204247314 -4.2193290923455136 11.559586204247314 -119.02484136142694
11.647785144583567 -4.296314008420171 11.647785144583567 -118.90929044283156
11.736657037475307 -4.3731765351282519 11.736657037475307 -118.79488580039097
11.826207017509629 -4.4499181923760132 11.826207017509629 -118.68163014900313
11.916440258450232 -4.5265404955344941 11.916440258450232 -118.56952611665564
12.007361973536321 -4.6030449552941617 12.007361973536321 -118.45857624599425
12.098977415783779 -4.6794330775258777 12.098977415783779 -118.34878299589366
12.191291878288709 -4.7557063631483665 12.191291878288709 -118.24014874303286
12.284310694533183 -4.8318663080017874 12.284310694533183 -118.13267578347185
12.37803923869345 -4.9079144027277035 12.37803923869345 -118.02636633422955
12.472482925950363 -4.983852132655076 12.472482925950363 -117.92122253486227
12.567647212802321 -5.05968097769248 12.567647212802321 -117.81724644904119
12.663537597380426 -5.1354024122262558 12.663537597380426 -117.71444006612799
12.760159619766224 -5.211017905024721 12.760159619766224 -117.61280530274961
12.857518862311716 -5.2865289191481839 12.857518862311716 -117.5123440043681
12.955620949961936 -5.3619369118648983 12.955620949961936 -117.41305794684702
13.054471550579889 -5.4372433345726554 13.054471550579889 -117.31494883801365
13.154076375274043 -5.5124496327261232 13.154076375274043 -117.21801831921499
13.254441178728253 -5.5875572457697684 13.254441178728253 -117.1222679668676
13.355571759534296 -5.6625676070763156 13.355571759534296 -117.02769929400115
13.457473960526839 -5.737482143890607 13.457473960526839 -116.9343137517933
13.560153669120998 -5.8123022772788548 13.560153669120998 -116.84211273109678
13.663616817652542 -5.8870294220831978 13.663616817652542 -116.7510975639576
13.767869383720598 -5.961664986881396 13.767869383720598 -116.66126952512347
13.872917390532981 -6.0362103739516817 13.872917390532981 -116.57262983354224
13.978766907254249 -6.1106669792426409 13.978766907254249 -116.48517965384892
14.085424049356307 -6.1850361923480337 14.085424049356307 -116.39892009784208
14.192894978971726 -6.259319396486454 14.192894978971726 -116.31385222594837
14.301185905249794 -6.3335179684858272 14.301185905249794 -116.22997704867387
14.410303084715212 -6.4076332787725061 14.410303084715212 -116.14729552804344
14.520252821629601 -6.4816666913650884 14.520252821629601 -116.06580857902598
14.631041468355699 -6.5556195638726189 14.631041468355699 -115.9855170709461
14.742675425724402 -6.629493247497364 14.742675425724402 -115.90642182888188
14.855161143404542 -6.7032890870418074 14.855161143404542 -115.82852363504693
14.968505120275553 -6.7770084209200023 14.968505120275553 -115.75182323015872
15.082713904802894 -6.8506525811730317 15.082713904802894 -115.67632131478979
15.197794095416448 -6.9242228934886096 15.197794095416448 -115.60201855070405
15.313752340891687 -6.9977206772246348 15.313752340891687 -115.52891556217683
15.43059534073387 -7.0711472454367268 15.43059534073387 -115.45701293729813
15.548329845565039 -7.1445039049095174 15.548329845565039 -115.38631122925834
15.666962657514096 -7.2177919561917747 15.666962657514096 -115.31681095761797
15.786500630609776 -7.2910126936351318 15.786500630609776 -115.24851260955847
15.90695067117661 -7.364167405436425 15.90695067117661 -115.18141664111623
16.028319738233996 -7.4372573736835257 16.028319738233996 -115.1155234783986
16.1506148438982 -7.5102838744045863 16.1506148438982 -115.05083351877988
16.273843053787534 -7.5832481776206615 16.273843053787534 -114.98734713208141
16.398011487430527 -7.6561515474015094 16.398011487430527 -114.92506466173022
16.523127318677307 -7.7289952419246637 16.523127318677307 -114.86398642590036
16.649197776113997 -7.8017805135374756 16.649197776113997 -114.80411271863433
16.776230143480447 -7.8745086088223593 16.776230143480447 -114.74544381094535
16.904231760090948 -7.9471807686647669 16.904231760090948 -114.68797995189978
17.033210021258355 -8.0197982283242109 17.033210021258355 -114.63172136967928
17.163172378721278 -8.0923622175079277 17.163172378721278 -114.57666827262456
17.294126341074669 -8.1648739604473892 17.294126341074669 -114.52282085025735
17.426079474203572 -8.2373346759773227 17.426079474203572 -114.47017927428325
17.559039401720302 -8.3097455776174041 17.559039401720302 -114.41874369957333
17.69301380540486 -8.3821078736563734 17.69301380540486 -114.36851426512628
17.82801042564877 -8.4544227672386114 17.82801042564877 -114.31949109500913
17.96403706190225 -8.5266914564530243 17.96403706190225 -114.27167429927762
18.101101573124886 -8.5989151344242689 18.101101573124886 -114.22506397487564
18.239211878239608 -8.6710949894061233 18.239211878239608 -114.17966020651392
18.378375956590276 -8.7432322048770583 18.378375956590276 -114.13546306752745
18.518601848402653 -8.8153279596378535 18.518601848402653 -114.09247262071219
18.659897655248923 -8.8873834279111961 18.659897655248923 -114.05068891914061
18.802271540515793 -8.9593997794433182 18.802271540515793 -114.01011200695569
18.945731729876091 -9.0313781796073815 18.945731729876091 -113.97074192014406
19.090286511764049 -9.1033197895088165 19.090286511764049 -113.93257868728764
19.235944237854142 -9.1752257660922947 19.235944237854142 -113.8956223302939
19.382713323543623 -9.2470972622504881 19.382713323543623 -113.85987286510493
19.530602248438687 -9.3189354269343792 19.530602248438687 -113.82533030238491
19.679619556844447 -9.3907414052652172 19.679619556844447 -113.79199464818595
19.829773858258502 -9.4625163386479105 19.829773858258502 -113.75986590459283
19.981073827868435 -9.5342613648859427 19.981073827868435 -113.72894407034586
20.133528207052958 -9.6059776182976382 20.133528207052958 -113.69922914144232
20.287145803886986 -9.6776662298337754 20.287145803886986 -113.67072111171636
20.44193549365049 -9.7493283271964852 20.44193549365049 -113.64341997339719
20.597906219341308 -9.8209650349593822 20.597906219341308 -113.61732571764566
20.755066992191814 -9.8925774746888777 20.755066992191814 -113.59243833506933
20.913426892189506 -9.9641667650665369 20.913426892189506 -113.56875781621586
21.072995068601671 -10.03573402201263 21.072995068601671 -113.54628415204471
21.23378074050391 -10.107280358810568 21.23378074050391 -113.52501733437718
21.395793197312859 -10.178806886232387 21.395793197312859 -113.50495735632491
21.559041799322777 -10.250314712665075 21.559041799322777 -113.4861042126965
21.723535978246467 -10.321804944237821 21.723535978246467 -113.46845790038265
21.889285237760095 -10.393278684950008 21.889285237760095 -113.45201841871966
22.056299154052279 -10.464737036799995 22.056299154052279 -113.43678576983082
22.224587376377418 -10.536181099914614 22.224587376377418 -113.42275995894691
22.394159627613085 -10.607611972679296 22.394159627613085 -113.40994099470431
22.565025704821871 -10.679030751868837 22.565025704821871 -113.39832888942189
22.737195479817309 -10.750438532778711 22.737195479817309 -113.38792365935593
22.910678899734314 -10.821836409356878 22.910678899734314 -113.37872532493364
23.0854859876038 -10.893225474336107 23.0854859876038 -113.37073391096477
23.261626842931832 -10.964606819366685 23.261626842931832 -113.36394944683173
23.439111642283052 -11.035981535149455 23.439111642283052 -113.35837196665803
23.617950639868688 -11.107350711569303 23.617950639868688 -113.35400150945505
23.798154168139042 -11.178715437828817 23.798154168139042 -113.35083811924707
23.979732638380245 -11.250076802582168 23.979732638380245 -113.34888184517459
24.162696541316048 -11.32143589406931 24.162696541316048 -113.34813274157661
24.347056447713694 -11.392793800250152 24.347056447713694 -113.34859086804995
24.532823008994793 -11.46415160893897 24.532823008994793 -113.35025628948848
24.720006957850611 -11.535510407938768 24.720006957850611 -113.35312907609971
24.908619108862233 -11.606871285175709 24.908619108862233 -113.35720930339991
25.098670359125311 -11.678235328833455 25.098670359125311 -113.36249705218766
25.29017168887971 -11.749603627487492 25.29017168887971 -113.36899240849588
25.483134162143809 -11.820977270239203 25.483134162143809 -113.37669546352193
25.677568927353828 -11.892357346849922 25.677568927353828 -113.38560631353624
25.873487218007831 -11.963744947874604 25.873487218007831 -113.39572505976933
26.070900353314826 -12.035141164795352 26.070900353314826 -113.40705180827706
26.269819738848689 -12.106547090154535 26.269819738848689 -113.41958666978418
26.470256867207087 -12.177963817687617 26.470256867207087 -113.43332975950659
26.672223318675606 -12.249392442455534 26.672223318675606 -113.44828119695131
26.875730761896605 -12.320834060976598 26.875730761896605 -113.46444110569524
27.080790954543552 -12.392289771357969 27.080790954543552 -113.4818096131425
27.287415744000182 -12.463760673426476 27.287415744000182 -113.50038685025925
27.495617068045107 -12.535247868858939 27.495617068045107 -113.52017295128786
27.705406955541424 -12.606752461311759 27.705406955541424 -113.54116805343867
27.916797527131763 -12.678275556549881 27.916797527131763 -113.56337229656015
28.129800995938464 -12.749818262574934 28.129800995938464 -113.5867858227881
28.344429668269299 -12.821381689752675 28.344429668269299 -113.61140877617227
28.56069594432843 -12.892966950939488 28.56069594432843 -113.63724130228195
28.778612318932748 -12.964575161608018 28.778612318932748 -113.66428354778954
28.998191382233934 -13.036207439971927 28.998191382233934 -113.69253566003269
29.21944582044566 -13.107864907109503 29.21944582044566 -113.72199778655468
29.442388416576769 -13.179548687086406 29.442388416576769 -113.75267007462325
29.667032051169514 -13.251259907077078 29.667032051169514 -113.78455267072771
29.893389703044079 -13.322999697485251 29.893389703044079 -113.81764572005459
30.121474450048122 -13.394769192062995 30.121474450048122 -113.8519493659411
30.351299469812567 -13.466569528028668 30.351299469812567 -113.88746374930818
30.582878040512806 -13.538401846183463 30.582878040512806 -113.9241890080709
30.816223541635942 -13.610267291026599 30.816223541635942 -113.96212527652747
31.051349454753737 -13.682167010869032 31.051349454753737 -114.00127268472725
31.288269364301517 -13.754102157945727 31.288269364301517 -114.04163135781671
31.526996958363053 -13.826073888526318 31.526996958363053 -114.08320141536441
31.767546029461311 -13.898083363024178 31.767546029461311 -114.12598297066427
32.009930475355432 -13.970131746103803 32.009930475355432 -114.16997613001718
32.254164299843559 -14.042220206786455 32.254164299843559 -114.21518099199177
32.500261613572022 -14.114349918554012 32.500261613572022 -114.26159764666392
32.748236634850436 -14.186522059450903 32.748236634850436 -114.30922617483409
32.998103690473393 -14.25873781218422 32.998103690473393 -114.35806664722497
33.249877216547894 -14.33099836422168 33.249877216547894 -114.40811912365662
33.503571759327677 -14.403304907887684 33.503571759327677 -114.45938365220127
33.759201976053504 -14.475658640457125 33.759201976053504 -114.51186026831702
34.016782635799906 -14.548060764247042 34.016782635799906 -114.56554899396056
34.276328620328663 -14.620512486706055 34.276328620328663 -114.62044983667916
34.537854924948412 -14.693015020501376 34.537854924948412 -114.67656278868211
34.801376659381148 -14.765569583603492 34.801376659381148 -114.73388782589122
35.066909048635054 -14.838177399368293 35.066909048635054 -114.79242490697109
35.334467433884278 -14.910839696616749 35.334467433884278 -114.85217397233851
35.60406727335512 -14.983557709711866 35.60406727335512 -114.91313494315295
35.875724143219287 -15.056332678633011 35.875724143219287 -114.97530772028517
36.149453738493655 -15.129165849047432 36.149453738493655 -115.03869218326699
36.425271873947139 -15.20205847237893 36.425271873947139 -115.10328818922137
36.703194485014471 -15.275011805873643 36.703194485014471 -115.16909557177212
36.983237628716651 -15.34802711266275 36.983237628716651 -115.23611413993486
37.265417484588852 -15.421105661822198 37.265417484588852 -115.30434367698804
37.549750355615089 -15.494248728429175 37.549750355615089 -115.37378393932606
37.836252669170179 -15.567457593615407 37.836252669170179 -115.44443465529208
38.124940977968762 -15.640733544617069 38.124940977968762 -115.51629552399307
38.415831961021752 -15.714077874821406 38.415831961021752 -115.58936621409697
38.708942424599833 -15.78749188380972 38.708942424599833 -115.66364636261031
39.00428930320458 -15.860976877396944 39.00428930320458 -115.73913557363944
39.301889660546728 -15.934534167667426 39.301889660546728 -115.81583341713345
39.601760690532124 -16.008165073007103 39.601760690532124 -115.89373942760955
39.903919718255089 -16.081870918131784 39.903919718255089 -115.97285310286226
40.208384200999255 -16.155653034111523 40.208384200999255 -116.05317390265556
40.515171729246461 -16.229512758391103 40.515171729246461 -116.13470124739828
40.824300027692622 -16.303451434806274 40.824300027692622 -116.2174345168047
41.13578695627222 -16.377470413596065 41.13578695627222 -116.301373048538
41.449650511189787 -16.451571051410617 41.449650511189787 -116.38651613684033
41.765908825959912 -16.52575471131486 41.765908825959912 -116.47286303114652
42.084580172454721 -16.600022762787681 42.084580172454721 -116.56041293468434
42.405682961959677 -16.674376581716658 42.405682961959677 -116.64916500306043
42.72923574623718 -16.748817550388118 42.72923574623718 -116.73911834283348
43.055257218598477 -16.823347057472617 43.055257218598477 -116.83027201007296
43.38376621498368 -16.897966498005623 43.38376621498368 -116.92262500890706
43.714781715049888 -16.972677273363303 43.714781715049888 -117.01617629005806
44.048322843267925 -17.047480791233486 44.048322843267925 -117.11092474936557
44.38440887002708 -17.122378465581512 44.38440887002708 -117.20686922629967
44.723059212748637 -17.197371716611055 44.723059212748637 -117.30400850246427
45.064293437007493 -17.272461970719721 45.064293437007493 -117.40234130008912
45.408131257662887 -17.347650660449428 45.408131257662887 -117.50186628051459
45.754592539996992 -17.422939224431353 45.754592539996992 -117.60258204266685
46.103697300863118 -17.498329107325581 46.103697300863118 -117.70448712152576
46.455465709841761 -17.573821759755127 46.455465709841761 -117.80757998658574
46.809918090406192 -17.649418638234462 46.809918090406192 -117.91185904030992
47.16707492109655 -17.725121205092332 47.16707492109655 -118.01732261657878
47.526956836702915 -17.800930928388826 47.526956836702915 -118.1239689791348
47.889584629457659 -17.876849281826722 47.889584629457659 -118.23179632002152
48.254979250236524 -17.952877744656792 48.254979250236524 -118.34080275802006
48.62316180976925 -18.029017801577371 48.62316180976925 -118.45098633708325
48.994153579859102 -18.105270942627666 48.994153579859102 -118.56234502476832
49.36797599461196 -18.181638663075169 49.36797599461196 -118.67487671066789
49.744650651674554 -18.258122463296786 49.744650651674554 -118.78857920484187
50.124199313482457 -18.334723848653848 50.124199313482457 -118.90345023625059
50.506643908517162 -18.411444329360773 50.506643908517162 -119.01948745118854
50.892006532573276 -18.488285420347445 50.892006532573276 -119.13668841172294
51.280309450034963 -18.56524864111519 51.280309450034963 -119.25505059413454
51.671575095162154 -18.642335515586286 51.671575095162154 -119.37457138736451
52.065826073386994 -18.719547571947061 52.065826073386994 -119.49524809146651
52.463085162619535 -18.79688634248436 52.463085162619535 -119.61707791606547
52.86337531456406 -18.874353363415587 52.86337531456406 -119.74005797882563
53.266719656044828 -18.951950174711953 53.266719656044828 -119.86418530392666
53.673141490342459 -19.029678319915249 53.673141490342459 -119.98945682055
54.082664298540102 -19.107539345947842 54.082664298540102 -120.11586936137712
54.495311740880226 -19.185534802916028 54.495311740880226 -120.24341966110067
54.911107658131449 -19.263666243906641 54.911107658131449 -120.37210435494691
55.330076072966051 -19.341935224776908 55.330076072966051 -120.50191997721649
55.752241191347785 -19.420343303937582 55.752241191347785 -120.63286295983889
56.177627403930465 -19.498892042129341 56.177627403930465 -120.76492963094478
56.606259287467218 -19.577583002192355 56.606259287467218 -120.89811621345694
57.038161606230098 -19.656417748829089 57.038161606230098 -121.03241882370114
57.473359313441236 -19.735397848360492 57.473359313441236 -121.16783347003813
57.911877552714174 -19.814524868475225 57.911877552714174 -121.30435605151754
58.353741659506838 -19.893800377972379 58.353741659506838 -121.44198235655612
58.798977162585054 -19.973225946497312 58.798977162585054 -121.58070806163978
59.247609785497666 -20.052803144270946 59.247609785497666 -121.72052873005354
59.699665448062547 -20.132533541812339 59.699665448062547 -121.8614398106385
60.155170267864285 -20.212418709654695 60.155170267864285 -122.0034366365764
60.614150561762962 -20.292460218054835 60.614150561762962 -122.14651442420673
61.076632847414793 -20.372659636696131 61.076632847414793 -122.29066827187465
61.542643844804083 -20.453018534385045 61.542643844804083 -122.43589315881167
62.012210477786887 -20.533538478741246 62.012210477786887 -122.58218394405083
62.485359875646878 -20.614221035881496 62.485359875646878 -122.72953536537823
62.962119374662187 -20.695067770097197 62.962119374662187 -122.87794203832131
63.442516519685419 -20.776080243526014 63.442516519685419 -123.02739845517625
63.926579065734465 -20.857260015817172 63.926579065734465 -123.17789898407464
64.414334979596532 -20.938608643791085 64.414334979596532 -123.32943786809228
64.905812441443516 -21.020127681092976 64.905812441443516 -123.48200922439993
65.401039846460492 -21.101818677840853 65.401039846460492 -123.63560704345889
65.900045806485906 -21.183683180267888 65.900045806485906 -123.79022518826177
66.402859151664913 -21.265722730359297 66.402859151664913 -123.94585739361987
66.909508932114917 -21.347938865483915 66.909508932114917 -124.10249726549918
67.420024419603834 -21.430333118020599 67.420024419603834 -124.26013828040509
67.934435109241591 -21.512907014979572 67.934435109241591 -124.41877378481935
68.452770721183782 -21.595662077618893 68.452770721183782 -124.57839699468759
68.975061202349195 -21.678599821056252 68.975061202349195 -124.73900099496119
69.501336728149582 -21.761721753876188 69.501336728149582 -124.90057873919314
70.031627704233514 -21.845029377733027 70.031627704233514 -125.06312304919065
70.56596476824248 -21.928524186949527 70.56596476824248 -125.22662661472427
71.104378791581667 -22.012207668111735 71.104378791581667 -125.39108199329543
71.64690088120291 -22.096081299659922 71.64690088120291 -125.55648160996364
72.193562381402359 -22.180146551476071 72.193562381402359 -125.72281775723408
72.744394875631244 -22.264404884468 72.744394875631244 -125.89008259500693
73.299430188320486 -22.34885775015033 73.299430188320486 -126.05826815058914
73.858700386719647 -22.433506590222709 73.858700386719647 -126.22736631877112
74.422237782749278 -22.518352836145233 74.422237782749278 -126.39736886196683
74.990074934868076 -22.603397908711631 74.990074934868076 -126.56826741042099
75.562244649953684 -22.688643217620204 75.562244649953684 -126.74005346248163
76.13877998519834 -22.774090161042988 76.13877998519834 -126.91271838494099
76.719714250018498 -22.859740125193191 76.719714250018498 -127.08625341344435
77.305081007979609 -22.945594483891405 77.305081007979609 -127.26064965296882
77.894914078734899 -23.031654598130668 77.894914078734899 -127.43589807837085
78.489247539979701 -23.117921815640841 78.489247539979701 -127.61198953500492
79.088115729419997 -23.204397470452388 79.088115729419997 -127.78891473941293
79.6915532467563 -23.291082882460042 79.6915532467563 -127.96666428008618
80.299594955682863 -23.377979356986572 80.299594955682863 -128.1452286182986
80.912275985901701 -23.465088184346893 80.912275985901701 -128.32459808901348
81.529631735152435 -23.552410639412994 81.529631735152435 -128.50476290186211
82.151697871257142 -23.639947981179784 82.151697871257142 -128.6857131421971
82.778510334181391 -23.727701452332397 82.778510334181391 -128.86743877221843
83.410105338110341 -23.815672278815054 83.410105338110341 -129.04992963217336
84.046519373541301 -23.903861669401998 84.046519373541301 -129.23317544163109
84.687789209391752 -23.9922708152707 84.687789209391752 -129.41716580083082
85.333951895123832 -24.080900889577684 85.333951895123832 -129.6018901921033
85.985044762884996 -24.169753047037446 85.985044762884996 -129.78733798136798
86.641105429664293 -24.258828423504436 86.641105429664293 -129.97349841970228
87.302171799466592 -24.348128135558998 87.302171799466592 -130.16036064498476
87.968282065501683 -24.43765328009696 87.968282065501683 -130.34791368361323
88.63947471239139 -24.527404933923783 88.63947471239139 -130.53614645229234
89.315788518392722 -24.6173841533532 89.315788518392722 -130.72504775989771
89.997262557638635 -24.707591973810885 89.997262557638635 -130.91460630940921
90.683936202395131 -24.798029409443419 90.683936202395131 -131.10481069991621
91.375849125336387 -24.888697452732931 91.375849125336387 -131.29564942869476
92.073041301836525 -24.979597074117628 92.073041301836525 -131.48711089335205
92.775553012279445 -25.070729221618741 92.775553012279445 -131.67918339404375
93.483424844385951 -25.16209482047401 93.483424844385951 -131.87185513575611
94.196697695558527 -25.253694772778132 94.196697695558527 -132.06511423065749
94.915412775244576 -25.345529957130552 94.915412775244576 -132.25894870051505
95.639611607316795 -25.437601228290713 95.639611607316795 -132.45334647917727
96.369336032472944 -25.529909416841392 96.369336032472944 -132.64829541512023
97.104628210652209 -25.622455328859989 97.104628210652209 -132.84378327405557
97.845530623472072 -25.715239745598623 97.845530623472072 -133.03979774160192
98.592086076681795 -25.808263423172772 98.592086076681795 -133.23632642601376
99.344337702636167 -25.901527092259158 99.344337702636167 -133.43335686097072
100.10232896278703 -25.995031457802984 100.10232896278703 -133.63087650842215
100.86610365019442 -26.088777198734793 100.86610365019442 -133.82887276148867
101.63570589205725 -26.182764967697356 101.63570589205725 -134.02733294741557
102.41118015226154 -26.276995390782531 102.41118015226154 -134.22624433057925
103.19257123395059 -26.371469067278859 103.19257123395059 -134.42559411554325
103.97992428211279 -26.466186569429603 103.97992428211279 -134.62536945016228
104.77328478619016 -26.56114844220188 104.77328478619016 -134.82555742873274
105.57269858270611 -26.65635520306677 105.57269858270611 -135.02614509518742
106.3782118579142 -26.751807341791007 106.3782118579142 -135.22711944633204
107.18987115046623 -26.847505320240074 107.18987115046623 -135.42846743512251
108.00772335410119 -26.943449572193177 108.00772335410119 -135.63017597397911
108.83181572035413 -27.039640503170066 108.83181572035413 -135.83223193813751
109.66219586128675 -27.13607849027013 109.66219586128675 -136.03462216903273
110.49891175223779 -27.232763882023722 110.49891175223779 -136.23733347771449
111.34201173459493 -27.329696998255898 111.34201173459493 -136.44035264829066
112.19154451858776 -27.426878129962819 112.19154451858776 -136.64366644139838
113.04755918610155 -27.524307539200812 113.04755918610155 -136.8472615976988
113.91010519351417 -27.621985458988402 113.91010519351417 -137.05112484139363
114.77923237455182 -27.719912093221041 114.77923237455182 -137.25524288376008
115.65499094316948 -27.818087616599151 115.65499094316948 -137.45960242670452
116.53743149645145 -27.916512174569064 116.53743149645145 -137.66419016632796
117.42660501753483 -28.015185883277319 117.42660501753483 -137.8689927965051
118.32256287855454 -28.114108829537965 118.32256287855454 -138.07399701247232
119.22535684361219 -28.213281070813419 119.22535684361219 -138.27918951442112
120.13503907176623 -28.312702635208414 120.13503907176623 -138.48455701109791
121.05166212004549 -28.412373521477321 121.05166212004549 -138.69008622340277
121.97527894648596 -28.512293699044818 121.97527894648596 -138.89576388798938
122.90594291318973 -28.612463108039794 122.90594291318973 -139.10157676085987
123.84370778940897 -28.71288165934266 123.84370778940897 -139.30751162095464
124.78862775465177 -28.813549234645727 124.78862775465177 -139.513555273733
125.74075740181276 -28.914465686526928 125.74075740181276 -139.71969455474297
126.70015174032649 -29.015630838536485 126.70015174032649 -139.92591633317662
127.6668661993471 -29.11704448529693 127.6668661993471 -140.13220751541033
128.64095663094884 -29.218706392615637 128.64095663094884 -140.33855504852539
129.62247931335443 -29.320616297610616 129.62247931335443 -140.54494592380792
130.61149095418594 -29.422773908848839 130.61149095418594 -140.75136718022588
131.6080486937411 -29.52517890649721 131.6080486937411 -140.95780590787831
132.61221010829473 -29.62783094248601 132.61221010829473 -141.16424925141879
133.62403321342481 -29.730729640684647 133.62403321342481 -141.37068441344579
134.64357646736499 -29.833874597089611 134.64357646736499 -141.57709865786182
135.67089877438161 -29.937265380024407 135.67089877438161 -141.78347931319709
136.70605948817712 -30.040901530351224 136.70605948817712 -141.98981377589519
137.74911841531863 -30.14478256169421 137.74911841531863 -142.19608951356
138.80013581869423 -30.248907960674309 138.80013581869423 -142.40229406816042
139.85917242099396 -30.353277187155037 139.85917242099396 -142.60841505919268
140.92628940821851 -30.457889674499455 140.92628940821851 -142.81444018679531
142.0015484332134 -30.562744829837573 142.0015484332134 -143.02035723481765
143.08501161923255 -30.667842034344659 143.08501161923255 -143.2261540738391
144.17674156352604 -30.773180643529344 144.17674156352604 -143.4318186641365
145.27680134095687 -30.878759987531893 145.27680134095687 -143.63733905859905
146.38525450764593 -30.984579371432289 146.38525450764593 -143.84270340558805
147.50216510464318 -31.090638075567536 147.50216510464318 -144.04789995174124
148.62759766162816 -31.196935355858223 148.62759766162816 -144.25291704471877
149.76161720063749 -31.303470444143898 149.76161720063749 -144.45774313588885
150.90428923982228 -31.410242548527066 150.90428923982228 -144.66236678295533
152.05567979723321 -31.5172508537254 152.05567979723321 -144.86677665252077
153.2158553946347 -31.624494521431942 153.2158553946347 -145.07096152258765
154.38488306134772 -31.731972690682873 154.38488306134772 -145.27491028499384
155.56283033812329 -31.839684478232762 155.56283033812329 -145.47861194778366
156.74976528104466 -31.94762897893677 156.74976528104466 -145.68205563751226
157.94575646545792 -32.055805266139423 157.94575646545792 -145.88523060148145
159.15087298993546 -32.164212392069977 159.15087298993546 -146.08812620990753
160.36518448026757 -32.272849388243728 160.36518448026757 -146.29073195802039
161.58876109348515 -32.381715265869012 161.58876109348515 -146.49303746809136
162.82167352191246 -32.49080901625959 162.82167352191246 -146.69503249139137
164.06399299725248 -32.600129611252235 164.06399299725248 -146.89670691007731
165.31579129470154 -32.709676003628871 165.31579129470154 -147.09805073900694
166.5771407370965 -32.819447127543185 166.5771407370965 -147.2990541274807
167.84811419909263 -32.92944189895131 167.84811419909263 -147.49970736091177
169.1287851113749 -33.039659216046275 169.1287851113749 -147.70000086242342
170.41922746489965 -33.150097959695763 170.41922746489965 -147.89992519437186
171.71951581516987 -33.260756993883014 171.71951581516987 -148.09947105979734
173.0297252865426 -33.371635166150526 173.0297252865426 -148.2986293038002
174.34993157656854 -33.482731308045977 174.34993157656854 -148.49739091484616
175.68021096036722 -33.594044235570642 175.68021096036722 -148.69574702599502
177.02064029503154 -33.705572749629049 177.02064029503154 -148.89368891605926
178.37129702407 -33.817315636480622 178.37129702407 -149.0912080106867
179.73225918188029 -33.929271668192193 179.73225918188029 -149.28829588337356
181.10360539825786 -34.041439603091391 181.10360539825786 -149.48494425640223
182.48541490293823 -34.153818186220647 182.48541490293823 -149.6811450017091
183.87776753017565 -34.266406149791401 183.87776753017565 -149.8768901416797
185.2807437233545 -34.379202213638251 185.2807437233545 -150.07217184987303
186.6944245396374 -34.492205085672786 186.6944245396374 -150.26698245167555
188.11889165464839 -34.605413462336777 188.11889165464839 -150.4613144248853
189.55422736719095 -34.718826029054384 189.55422736719095 -150.65516040022609
191.00051460400405 -34.832441460683384 191.00051460400405 -150.84851316179441
192.4578369245524 -34.946258421964743 192.4578369245524 -151.04136564743686
193.92627852585457 -35.060275567970606 193.92627852585457 -151.2337109490629
195.40592424734646 -35.174491544550172 195.40592424734646 -151.42554231288926
196.89685957578513 -35.288904988773695 196.89685957578513 -151.61685313962096
198.39917065018497 -35.403514529373517 198.39917065018497 -151.80763698456659
199.91294426679667 -35.518318787182892 199.91294426679667 -151.99788755769166
201.43826788412073 -35.633316375571617 201.43826788412073 -152.18759872360891
202.97522962796083 -35.748505900878627 202.97522962796083 -152.37676450150806
204.52391829651532 -35.863885962841174 204.52391829651532 -152.56537906502444
206.08442336550675 -35.979455155020517 206.08442336550675 -152.75343674204976
207.65683499335265 -36.095212065223784 207.65683499335265 -152.94093201448521
209.24124402637364 -36.211155275921968 209.24124402637364 -153.12785951793617
210.83774200404238 -36.327283364663728 210.83774200404238 -153.31421404135389
212.44642116427153 -36.443594904484776 212.44642116427153 -153.49999052662085
214.06737444874406 -36.560088464313061 214.06737444874406 -153.68518406808514
215.70069550828219 -36.676762609369057 215.70069550828219 -153.8697899120412
217.34647870825808 -36.793615901561282 217.34647870825808 -154.05380345616175
219.0048191340461 -36.91064689987703 219.0048191340461 -154.23722024887965
220.67581259651612 -37.027854160767802 220.67581259651612 -154.42003598872236
222.35955563756943 -37.145236238529741 222.35955563756943 -154.60224652360017
224.05614553571542 -37.262791685678486 224.05614553571542 -154.78384785004891
225.76568031169336 -37.380519053318793 225.76568031169336 -154.96483611242866
227.48825873413455 -37.498416891508448 227.48825873413455 -155.14520760208086
229.22398032526905 -37.616483749616521 229.22398032526905 -155.32495875644381
230.97294536667499 -37.734718176675869 230.97294536667499 -155.50408615812825
232.73525490507345 -37.853118721729849 232.73525490507345 -155.68258653395503
234.51101075816564 -37.971683934172965 234.51101075816564 -155.86045675395607
236.30031552051577 -38.090412364085601 236.30031552051577 -156.0376938303381
238.10327256947781 -38.209302562562598 238.10327256947781 -156.21429491641476
239.91998607116903 -38.328353082035754 239.91998607116903 -156.3902573055029
241.75056098648852 -38.447562476590164 241.75056098648852 -156.5655784297897
243.59510307717935 -38.566929302274104 243.59510307717935 -156.74025585916758
245.45371891194114 -38.686452117402894 245.45371891194114 -156.91428730004247
247.32651587258593 -38.806129482856299 247.32651587258593 -157.08767059411164
249.21360216024283 -38.925959962369568 249.21360216024283 -157.26040371711801
251.1150868016081 -39.045942122818111 251.1150868016081 -157.43248477757768
253.03107965524595 -39.16607453449587 253.03107965524595 -157.60391201548441
254.96169141793439 -39.286355771387136 254.96169141793439 -157.77468380099191
256.90703363106149 -39.406784411432078 256.90703363106149 -157.94479863307407
258.86721868706843 -39.527359036785704 258.86721868706843 -158.11425513816638
260.84235983594482 -39.64807823407066 260.84235983594482 -158.28305206878852
262.83257119177051 -39.768940594623331 262.83257119177051 -158.45118830214776
264.83796773930862 -39.88994471473378 264.83796773930862 -158.61866283872902
266.85866534064962 -40.011089195879194 266.85866534064962 -158.78547480086721
268.8947807419035 -40.132372644950969 268.8947807419035 -158.9516234313069
270.94643157994767 -40.253793674475638 270.94643157994767 -159.11710809174861
273.01373638922024 -40.375350902829226 273.01373638922024 -159.28192826138459
275.09681460857058 -40.497042954445618 275.09681460857058 -159.44608353542168
277.19578658815925 -40.618868460018547 277.19578658815925 -159.60957362359676
279.31077359641137 -40.740826056697479 279.31077359641137 -159.77239834868291
281.44189782702193 -40.862914388277254 281.44189782702193 -159.93455764498768
283.58928240601722 -40.985132105381865 283.58928240601722 -160.09605155684534
285.7530513988674 -41.107477865641989 285.7530513988674 -160.25688023710444
287.93332981765468 -41.229950333866654 287.93332981765468 -160.41704394560847
290.130243628296 -41.352548182208999 290.130243628296 -160.5765430476755
292.34391975781978 -41.47527009032607 292.34391975781978 -160.7353780125739
294.57448610170093 -41.598114745533039 294.57448610170093 -160.89354941199591
296.82207153124864 -41.721080842951515 296.82207153124864 -161.05105791853168
299.08680590105263 -41.844167085652224 299.08680590105263 -161.20790430414132
301.36882005648425 -41.967372184792211 301.36882005648425 -161.36408943862909
303.66824584125897 -42.090694859746549 303.66824584125897 -161.51961428811907
305.98521610504986 -42.214133838234311 305.98521610504986 -161.67447991353239
308.31986471116596 -42.337687856439672 308.31986471116596 -161.82868746906721
310.67232654428511 -42.461355659127335 310.67232654428511 -161.98223820068415
313.04273751824684 -42.58513599975295 313.04273751824684 -162.13513344459432
315.43123458390551 -42.709027640568408 315.43123458390551 -162.28737462575404
317.83795573704117 -42.833029352721987 317.83795573704117 -162.43896325636354
320.26304002633412 -42.957139916353718 320.26304002633412 -162.58990093437367
322.70662756139757 -43.081358120685799 322.70662756139757 -162.74018934199873
325.16885952087273 -43.205682764108225 325.16885952087273 -162.88983024423777
327.64987816058419 -43.330112654259679 327.64987816058419 -163.03882548740253
330.14982682176105 -43.454646608104021 330.14982682176105 -163.18717699765597
332.66884993931671 -43.579283452002024 332.66884993931671 -163.33488677955862
335.20709305019449 -43.704022021778847 335.20709305019449 -163.48195691462476
337.7647028017754 -43.828861162787085 337.7647028017754 -163.62838955988926
340.34182696035128 -43.953799729965603 340.34182696035128 -163.77418694648512
342.93861441966209 -44.07883658789423 342.93861441966209 -163.91935137823151
345.55521520949696 -44.203970610844337 345.55521520949696 -164.06388523023392
348.19178050436415 -44.329200682825494 348.19178050436415 -164.20779094749551
350.84846263222391 -44.454525697628256 350.84846263222391 -164.35107104354105
353.52541508329006 -44.579944558863012 353.52541508329006 -164.49372809905387
356.2227925188962 -44.705456179995259 356.2227925188962 -164.63576476052427
358.94075078043363 -44.831059484377292 358.94075078043363 -164.77718373891346
361.6794468983536 -44.956753405276189 361.6794468983536 -164.91798780832869
364.43903910124027 -45.082536885898506 364.43903910124027 -165.05817980471392
367.21968682495259 -45.208408879411586 367.21968682495259 -165.19776262455341
370.02155072183388 -45.334368348961497 370.02155072183388 -165.33673922359046
372.84479266999779 -45.460414267688058 372.84479266999779 -165.47511261556008
375.68957578267543 -45.586545618736338 375.68957578267543 -165.61288587093645
378.55606441764348 -45.712761395265659 378.55606441764348 -165.75006211569618
381.44442418671821 -45.839060600455248 381.44442418671821 -165.88664453009517
384.35482196532422 -45.965442247507326 384.35482196532422 -166.02263634746257
387.28742590213426 -46.091905359647228 387.28742590213426 -166.15804085300863
390.24240542878664 -46.218448970121109 390.24240542878664 -166.29286138264854
393.21993126967209 -46.345072122190835 393.21993126967209 -166.42710132184277
396.22017545179835 -46.471773869126451 396.22017545179835 -166.56076410445218
399.24331131472894 -46.598553274196277 399.24331131472894 -166.69385321160982
402.28951352059664 -46.72540941065445 402.28951352059664 -166.82637217060758
405.35895806419694 -46.852341361726573 405.35895806419694 -166.95832455380045
408.4518222831544 -46.97934822059274 408.4518222831544 -167.08971397752561
411.56828486816926 -47.106429090368742 411.56828486816926 -167.22054410103846
414.70852587333945 -47.233583084085083 414.70852587333945 -167.35081862546423
417.87272672656758 -47.360809324664153 417.87272672656758 -167.48054129276662
421.06107024003762 -47.488106944895321 421.06107024003762 -167.60971588473117
424.27374062077928 -47.615475087408342 424.27374062077928 -167.73834622196705
427.510923481313 -47.742912904645102 427.510923481313 -167.86643616292315
430.7728058503701 -47.870419558829362 430.7728058503701 -167.99398960292154
434.05957618369854 -47.997994221935166 434.05957618369854 -168.12101047320618
437.3714243749551 -48.125636075653695 437.3714243749551 -168.24750274000891
440.70854176667069 -48.253344311358369 440.70854176667069 -168.37347040363008
444.0711211613102 -48.381118130068934 444.0711211613102 -168.49891749753752
447.45935683240748 -48.508956742413751 447.45935683240748 -168.6238480874789
450.8734445357947 -48.636859368591246 450.8734445357947 -168.74826627061202
454.3135815209061 -48.764825238329713 454.3135815209061 -168.87217617464975
457.77996654217907 -48.892853590846279 457.77996654217907 -168.99558195702164
461.27279987053356 -49.020943674804478 461.27279987053356 -169.11848780405063
464.79228330494652 -49.149094748271068 464.79228330494652 -169.24089793014588
468.33862018410809 -49.277306078671579 468.33862018410809 -169.36281657701062
471.91201539816853 -49.405576942744986 471.91201539816853 -169.484248012866
475.5126754005808 -49.533906626497746 475.5126754005808 -169.6051965316903
479.140808220022 -49.662294425156503 479.140808220022 -169.72566645247178
482.79662347241748 -49.79073964312061 482.79662347241748 -169.8456621184794
486.48033237304725 -49.919241593913284 486.48033237304725 -169.96518789654618
490.19214774875434 -50.047799600132763 490.19214774875434 -170.08424817636816
493.93228405023439 -50.17641299340216 493.93228405023439 -170.20284736981873
497.70095736443102 -50.305081114319222 497.70095736443102 -170.32098991027675
501.49838542701576 -50.43380331240526 501.49838542701576 -170.43868025196929
505.32478763497357 -50.562578946053868 505.32478763497357 -170.55592286932878
509.1803850592716 -50.691407382478801 509.1803850592716 -170.67272225636455
513.06540045763654 -50.820287997661794 513.06540045763654 -170.78908292604808
516.98005828742453 -50.949220176299939 516.98005828742453 -170.90500940971222
520.92458471858447 -51.07820331175251 520.92458471858447 -171.02050625646427
524.89920764673104 -51.207236805987861 524.89920764673104 -171.13557803261256
528.90415670630591 -51.336320069529727 528.90415670630591 -171.25022932110585
532.93966328385136 -51.465452521403733 532.93966328385136 -171.3644647209878
537.00596053137087 -51.594633589083202 537.00596053137087 -171.47828884686223
541.10328337980661 -51.723862708435334 541.10328337980661 -171.59170632837271
545.23186855260678 -51.853139323666944 545.23186855260678 -171.70472180969495
549.39195457940866 -51.982462887270422 549.39195457940866 -171.81733994904147
553.58378180981288 -52.111832859969283 553.58378180981288 -171.92956541817816
557.80759242727379 -52.241248710664102 557.80759242727379 -172.04140290195488
562.0636304630932 -52.370709916378303 562.0636304630932 -172.15285709784555
566.35214181051356 -52.500215962203939 566.35214181051356 -172.2639327155029
570.67337423892889 -52.629766341247716 570.67337423892889 -172.37463447632339
575.02757740819868 -52.759360554577071 575.02757740819868 -172.48496711302397
579.41500288307407 -52.888998111166458 579.41500288307407 -172.59493536923077
583.83590414772652 -53.018678527843605 583.83590414772652 -172.70454399907851
588.29053662039883 -53.148401329236286 588.29053662039883 -172.8137977668213
592.77915766815681 -53.278166047719026 592.77915766815681 -172.92270144645431
597.30202662176578 -53.40797222336041 597.30202662176578 -173.03125982134628
601.85940479066426 -53.537819403870159 601.85940479066426 -173.13947768388286
606.45155547806871 -53.667707144547066 606.45155547806871 -173.24735983511951
611.07874399618231 -53.797635008226834 611.07874399618231 -173.3549110844454
615.74123768152526 -53.927602565230558 615.74123768152526 -173.46213624925787
620.43930591037667 -54.05760939331325 620.43930591037667 -173.56904015464519
625.17322011434214 -54.187655077613144 625.17322011434214 -173.67562763308078
629.94325379603538 -54.317739210601104 629.94325379603538 -173.78190352412548
634.74968254487487 -54.447861392030518 634.74968254487487 -173.88787267414082
639.59278405301268 -54.578021228887799 639.59278405301268 -173.99353993601011
644.47283813137187 -54.708218335343076 644.47283813137187 -174.09891016886954
649.39012672582066 -54.838452332701735 649.39012672582066 -174.20398823784754
654.34493393345224 -54.968722849355991 654.34493393345224 -174.30877901381353
659.33754601900682 -55.099029520737453 659.33754601900682 -174.41328737313449
664.36825143140356 -55.229371989269829 664.36825143140356 -174.51751819744069
669.43734082041465 -55.359749904322506 669.43734082041465 -174.62147637339902
674.54510705344683 -55.490162922164309 674.54510705344683 -174.72516679249466
679.69184523247088 -55.620610705918274 679.69184523247088 -174.82859435082096
684.87785271106657 -55.751092925516673 684.87785271106657 -174.93176394887692
690.10342911160399 -55.881609257656741 690.10342911160399 -175.0346804913714
695.36887634255208 -56.012159385757087 695.36887634255208 -175.13734888703652
700.67449861592388 -56.142742999914617 700.67449861592388 -175.23977404844629
706.02060246485428 -56.273359796862287 706.02060246485428 -175.34196089184471
711.4074967613027 -56.404009479927126 711.4074967613027 -175.443914336978
716.83549273390656 -56.534691758989425 716.83549273390656 -175.54563930693666
722.30490398595543 -56.66540635044214 722.30490398595543 -175.64714072800177
727.81604651351768 -56.796152977151372 727.81604651351768 -175.74842352949895
733.36923872368766 -56.926931368417094 733.36923872368766 -175.84949264365872
738.96480145298915 -57.057741259935028 738.96480145298915 -175.95035300548261
744.60305798590878 -57.188582393758978 744.60305798590878 -176.05100955261545
750.28433407357443 -57.319454518263889 750.28433407357443 -176.15146722522388
756.00895795257338 -57.450357388109637 756.00895795257338 -176.2517309658798
761.77726036392028 -57.581290764205747 761.77726036392028 -176.35180571945082
767.58957457216297 -57.712254413676547 767.58957457216297 -176.45169643299454
773.44623638463815 -57.843248109827336 773.44623638463815 -176.55140805565938
779.34758417086982 -57.974271632111019 779.34758417086982 -176.65094553859052
785.29395888212252 -58.105324766095919 785.29395888212252 -176.7503138348396
791.28570407110033 -58.236407303433992 791.28570407110033 -176.84951789928093
797.32316591178937 -58.36751904182988 797.32316591178937 -176.94856268853161
803.40669321946484 -58.498659785010972 803.40669321946484 -177.04745316087616
809.5366374708409 -58.629829342698009 809.5366374708409 -177.14619427619618
815.71335282437803 -58.761027530576555 815.71335282437803 -177.24479099590386
821.93719614074257 -58.89225417026929 821.93719614074257 -177.34324828287976
828.20852700342766 -59.023509089309158 828.20852700342766 -177.44157110141518
834.52770773952636 -59.154792121113204 834.52770773952636 -177.53976441715739
840.89510344066605 -59.286103104957306 840.89510344066605 -177.63783319705973
847.31108198409891 -59.417441885951632 847.31108198409891 -177.735782409335
853.7760140539591 -59.548808315017077 853.7760140539591 -177.83361702341185
860.2902731626815 -59.680202248862479 860.2902731626815 -177.9313420098955
866.85423567257362 -59.811623549962448 866.85423567257362 -178.02896234053134
873.46828081756439 -59.943072086536276 873.46828081756439 -178.12648298817092
880.13279072511909 -60.074547732527748 880.13279072511909 -178.22390892674255
886.84815043830974 -60.206050367585433 886.84815043830974 -178.32124513122292
893.61474793806144 -60.337579877044135 893.61474793806144 -178.41849657761341
900.43297416557368 -60.469136151907136 900.43297416557368 -178.51566824291726
907.30322304490164 -60.600719088829123 907.30322304490164 -178.61276510512036
914.22589150571866 -60.732328590100231 914.22589150571866 -178.70979214317387
921.20137950624462 -60.863964563630589 921.20137950624462 -178.80675433697951
928.23009005635856 -60.99562692293609 928.23009005635856 -178.90365666737657
935.31242924088019 -61.127315587124812 935.31242924088019 -179.00050411613157
942.44880624303232 -61.259030480884284 942.44880624303232 -179.09730166592871
949.63963336807683 -61.390771534469636 949.63963336807683 -179.19405430036358
956.88532606714568 -61.522538683692765 956.88532606714568 -179.29076700393639
964.18630296123524 -61.654331869912134 964.18630296123524 -179.38744476204945
971.54298586539289 -61.786151040023533 971.54298586539289 -179.48409256100331
978.95579981308867 -61.917996146451692 978.95579981308867 -179.58071538799632
986.42517308077697 -62.049867147142955 986.42517308077697 -179.67731823112422
993.95153721263284 -62.181764005558406 993.95153721263284 -179.77390607938057
1001.5353270454847 -62.313686690668234 1001.5353270454847 -179.87048392265913
1009.1769807339427 -62.44563517694683 1009.1769807339427 -179.96705675175613
1016.8769397757093 -62.577609444368761 1016.8769397757093 -180.06362955837349
1024.6356490370883 -62.709609478405596 1024.6356490370883 -180.160207335123
1032.4535567786822 -62.841635270023623 1032.4535567786822 -180.25679507553008
1040.3311146813028 -62.97368681568252 1040.3311146813028 -180.35339777403857
1048.2687778720501 -63.105764117334651 1048.2687778720501 -180.4500204260153
1056.2670049506228 -63.237867182425582 1056.2670049506228 -180.5466680277554
1064.3262580158018 -63.369996023895176 1064.3262580158018 -180.6433455764865
1072.4470026921599 -63.502150660179744 1072.4470026921599 -180.74005807037358
1080.6297081569542 -63.63433111521497 1080.6297081569542 -180.83681050852343
1088.8748471672338 -63.766537418439668 1088.8748471672338 -180.93360789098847
1097.1828960871555 -63.89876960480052 1097.1828960871555 -181.0304552187703
1105.5543349155103 -64.031027714757769 1105.5543349155103 -181.12735749382247
1113.9896473134474 -64.163311794291474 1113.9896473134474 -181.2243197190524
1122.4893206324191 -64.295621894908834 1122.4893206324191 -181.3213468983227
1131.0538459423456 -64.427958073652533 1131.0538459423456 -181.41844403645101
1139.6837180599744 -64.560320393109492 1139.6837180599744 -181.51561613920987
1148.3794355774796 -64.692708921421101 1148.3794355774796 -181.61286821332322
1157.1415008912579 -64.825123732293676 1157.1415008912579 -181.71020526646424
1165.9704202309681 -64.957564905010372 1165.9704202309681 -181.80763230724946
1174.8667036887621 -65.090032524443416 1174.8667036887621 -181.90515434523226
1183.8308652487697 -65.22252668106772 1183.8308652487697 -182.00277639089472
1192.8634228167832 -65.355047470974796 1192.8634228167832 -182.1005034556371
1201.964898250191 -65.487594995888173 1201.964898250191 -182.19834055176656
1211.1358173881188 -65.620169363179031 1211.1358173881188 -182.29629269248144
1220.3767100818079 -65.75277068588305 1220.3767100818079 -182.39436489185593
1229.6881102252426 -65.885399082718152 1229.6881102252426 -182.49256216482075
1239.070555785976 -66.018054678102828 1239.070555785976 -182.59088952714231
1248.5245888362283 -66.150737602175511 1248.5245888362283 -182.68935199539828
1258.05075558419 -66.283447990814679 1258.05075558419 -182.787954586951
1267.6496064055968 -66.416185985659993 1267.6496064055968 -182.8867023199187
1277.321695875509 -66.548951734133951 1277.321695875509 -182.98560021314205
1287.0675828003671 -66.681745389464638 1287.0675828003671 -183.08465328614952
1296.8878302502637 -66.814567110709135 1296.8878302502637 -183.18386655911834
1306.7830055914922 -66.947417062778058 1306.7830055914922 -183.28324505283194
1316.7536805193063 -67.080295416460316 1316.7536805193063 -183.38279378863467
1326.8004310909641 -67.213202348449357 1326.8004310909641 -183.48251778838241
1336.9238377590098 -67.346138041369926 1336.9238377590098 -183.5824220743898
1347.1244854047964 -67.479102683805337 1347.1244854047964 -183.68251166937284
1357.4029633722935 -67.612096470326222 1357.4029633722935 -183.78279159638859
1367.7598655021225 -67.745119601519363 1367.7598655021225 -183.88326687876901
1378.1957901658823 -67.878172284017936 1378.1957901658823 -183.98394254005254
1388.7113403007006 -68.011254730531988 1388.7113403007006 -184.08482360390946
1399.3071234440863 -68.144367159880218 1399.3071234440863 -184.18591509406403
1409.9837517690153 -68.277509797021978 1409.9837517690153 -184.2872220342106
1420.7418421193156 -68.410682873090678 1420.7418421193156 -184.38874944792641
1431.5820160452872 -68.543886625427305 1431.5820160452872 -184.490502358578
1442.5048998396242 -68.677121297615173 1442.5048998396242 -184.59248578922237
1453.5111245736011 -68.810387139515271 1453.5111245736011 -184.69470476250493
1464.6013261335206 -68.943684407302158 1464.6013261335206 -184.79716430054947
1475.77614525746 -69.077013363500924 1475.77614525746 -184.89986942484393
1487.0362275722912 -69.210374277024655 1487.0362275722912 -185.00282515612042
1498.3822236309845 -69.343767423212768 1498.3822236309845 -185.10603651422861
1509.8147889501804 -69.477193083869693 1509.8147889501804 -185.20950851800404
1521.3345840480795 -69.610651547304798 1521.3345840480795 -185.31324618512946
1532.9422744825879 -69.74414310837254 1532.9422744825879 -185.4172545319899
1544.6385308897898 -69.877668068513657 1544.6385308897898 -185.52153857352261
1556.4240290226703 -70.011226735796541 1556.4240290226703 -185.6261033230582
1568.2994497901752 -70.144819424959863 1568.2994497901752 -185.73095379215661
1580.2654792965427 -70.278446457455388 1580.2654792965427 -185.83609499043516
1592.3228088809467 -70.412108161491673 1592.3228088809467 -185.94153192539059
1604.4721351574308 -70.545804872078122 1604.4721351574308 -186.04726960221279
1616.7141600551663 -70.679536931070075 1616.7141600551663 -186.15331302359152
1629.0495908590051 -70.813304687214128 1629.0495908590051 -186.25966718951574
1641.4791402503317 -70.947108496194062 1641.4791402503317 -186.36633709706513
1654.0035263482484 -71.080948720677483 1654.0035263482484 -186.47332774019318
1666.6234727510639 -71.214825730363074 1666.6234727510639 -186.5806441095028
1679.3397085781025 -71.348739902028242 1679.3397085781025 -186.68829119201388
1692.1529685118153 -71.482691619577096 1692.1529685118153 -186.79627397092185
1705.0639928402427 -71.616681274089473 1705.0639928402427 -186.90459742534807
1718.0735274997753 -71.750709263869965 1718.0735274997753 -187.01326653008115
1731.1823241182558 -71.884775994497673 1731.1823241182558 -187.12228625531023
1744.3911400583959 -72.018881878876215 1744.3911400583959 -187.23166156634838
1757.7007384615436 -72.153027337284456 1757.7007384615436 -187.34139742334685
1771.1118882917681 -72.287212797427443 1771.1118882917681 -187.45149878100034
1784.6253643802897 -72.421438694487804 1784.6253643802897 -187.56197058824222
1798.2419474702369 -72.555705471177376 1798.2419474702369 -187.67281778793117
1811.9624242617663 -72.690013577789614 1811.9624242617663 -187.78404531652603
1825.7875874575127 -72.824363472251818 1825.7875874575127 -187.89565810375197
1839.718235808376 -72.958755620178053 1839.718235808376 -188.00766107225658
1853.7551741596762 -73.093190494922027 1853.7551741596762 -188.12005913725446
1867.8992134976636 -73.22766857763078 1867.8992134976636 -188.23285720616224
1882.151170996359 -73.362190357297933 1882.151170996359 -188.34606017822247
1896.5118700647674 -73.496756330817576 1896.5118700647674 -188.45967294411628
1910.9821403944595 -73.631367003038363 1910.9821403944595 -188.57370038556579
1925.5628180075016 -73.766022886817566 1925.5628180075016 -188.68814737492451
1940.2547453047584 -73.900724503075452 1940.2547453047584 -188.80301877475648
1955.0587711145572 -74.035472380849583 1955.0587711145572 -188.91831943740382
1969.9757507417382 -74.170267057349392 1969.9757507417382 -189.03405420454339
1985.0065460170654 -74.305109078010673 1985.0065460170654 -189.15022790672987
